MOVIE_ID|GENRE_ID
1|1
1|2
1|3
1|4
2|2
2|3
2|1
3|1
3|2
3|5
4|1
4|5
4|6
4|7
5|1
5|2
5|4
6|3
6|1
6|2
7|8
7|9
8|1
8|2
8|4
9|2
9|3
9|9
10|1
10|2
10|3
11|2
11|3
11|1
11|4
12|2
12|1
12|7
12|5
13|2
13|3
13|1
14|1
14|2
14|10
15|1
15|2
15|3
15|4
16|2
16|9
16|3
17|4
17|1
17|2
18|2
18|1
18|3
19|1
19|11
19|4
20|1
20|2
20|3
21|1
21|2
21|3
22|1
22|2
23|2
23|3
24|2
24|3
25|2
25|6
25|1
26|6
26|12
26|7
27|2
27|1
27|4
28|7
28|1
28|2
28|4
29|1
29|2
29|4
29|7
30|1
30|2
30|7
31|1
31|2
31|3
32|1
32|2
32|4
33|9
33|3
33|2
34|2
34|1
34|4
34|7
35|8
35|9
36|4
36|1
36|2
37|4
37|1
37|2
38|3
38|2
38|9
39|1
39|2
39|3
40|2
40|1
40|4
41|8
41|9
41|2
41|11
42|2
42|1
42|7
42|4
43|8
43|9
43|11
44|1
44|4
44|7
45|1
46|1
46|6
46|13
46|4
46|7
47|1
47|2
47|3
47|4
48|1
48|2
48|4
49|1
49|9
49|3
50|6
50|12
51|2
51|3
51|1
51|12
52|1
52|4
52|2
53|1
53|4
53|2
54|2
54|1
55|2
55|8
55|9
56|8
56|2
56|11
56|9
56|1
56|3
57|1
57|2
57|4
58|8
58|9
59|1
59|11
59|5
59|7
60|1
60|2
60|4
61|8
61|6
62|4
62|3
62|1
62|2
63|1
63|2
64|2
64|9
64|3
65|4
66|6
66|1
66|5
66|7
67|8
67|11
67|9
67|2
68|8
68|9
68|2
68|4
69|1
69|4
69|2
70|2
70|6
70|9
71|1
71|2
71|11
71|4
71|10
72|2
72|1
72|3
73|1
73|2
73|5
73|3
73|4
74|3
74|11
74|9
75|1
75|4
76|2
76|1
77|2
77|1
77|7
77|4
78|6
78|11
78|8
78|9
79|9
79|2
79|6
79|3
80|2
80|1
80|4
81|2
81|3
81|6
82|3
82|2
82|1
82|9
82|12
83|4
83|1
83|6
83|7
84|1
84|2
84|4
84|12
85|6
85|1
85|2
85|3
86|1
86|2
86|4
87|11
87|2
87|3
87|8
87|9
88|2
88|9
88|14
88|4
89|2
89|9
89|8
89|1
89|11
90|9
90|8
90|11
90|2
91|2
91|8
91|9
91|3
92|1
92|2
92|4
93|3
93|2
93|8
93|9
94|1
94|7
94|4
95|1
95|4
95|2
96|2
96|6
96|4
97|1
97|7
97|4
97|14
97|2
98|1
98|2
98|6
98|13
98|4
99|2
99|3
99|1
100|1
100|5
100|7
101|3
101|6
101|7
101|14
101|12
102|1
102|4
102|2
103|1
103|2
103|4
104|3
104|2
104|1
104|11
104|6
105|2
105|1
105|6
105|7
106|3
107|3
107|2
107|8
107|11
107|9
108|1
108|2
108|3
109|4
109|1
109|7
109|2
110|2
110|9
110|3
111|15
111|12
111|16
112|2
112|4
112|1
113|16
113|15
113|1
113|2
113|6
113|12
114|2
114|3
114|9
114|14
115|2
115|3
115|9
116|3
116|1
117|6
117|13
117|1
117|7
117|4
118|2
118|11
118|9
118|3
119|8
119|11
119|9
119|3
120|1
120|5
120|6
121|9
121|8
122|2
122|3
122|1
122|11
122|9
123|2
123|1
123|7
123|4
124|2
124|1
124|7
124|4
125|8
125|2
125|9
126|2
126|1
126|7
126|4
127|1
127|2
127|3
128|1
128|2
128|4
128|7
129|7
129|14
130|2
130|3
130|1
131|8
131|9
131|2
131|11
132|3
132|1
132|2
132|9
132|11
133|2
134|11
134|3
135|1
135|2
135|7
136|6
136|13
136|7
137|9
137|8
137|2
137|11
138|8
138|9
139|1
139|2
139|9
139|3
140|2
140|1
140|7
141|1
141|6
141|7
142|2
142|8
142|9
143|2
143|8
143|11
143|9
144|2
144|9
144|3
145|8
145|2
145|9
146|2
146|6
146|16
147|8
147|9
148|2
148|1
148|7
149|1
149|3
149|11
150|1
150|7
150|4
150|2
151|1
151|2
151|11
151|4
152|2
152|1
152|8
153|1
153|2
153|8
153|11
153|9
154|1
154|7
154|2
155|3
155|8
155|9
156|11
157|6
157|1
157|16
157|15
158|2
158|6
158|1
159|4
159|1
159|2
160|3
160|1
161|3
161|1
161|2
161|8
161|11
161|9
162|3
163|1
164|1
164|14
164|4
165|1
165|2
165|11
165|5
165|7
166|6
166|1
166|4
167|2
167|1
167|4
167|7
168|1
168|2
168|11
168|6
168|14
169|2
169|1
169|8
169|3
169|4
169|7
170|1
170|2
170|4
171|2
171|1
171|7
172|2
173|2
173|3
173|6
173|12
174|8
174|11
174|9
175|4
175|1
175|2
176|2
176|9
176|3
177|10
177|6
177|2
177|7
178|8
178|9
179|8
179|11
179|9
179|10
179|2
180|9
180|8
180|2
180|11
181|1
181|6
181|14
181|7
182|2
182|8
182|9
182|11
183|4
183|1
183|2
184|2
184|1
184|4
185|3
185|11
185|8
185|4
185|9
186|2
186|7
186|4
187|2
187|1
187|11
187|7
187|5
188|1
188|2
188|8
188|9
188|3
189|1
189|14
189|7
190|6
190|2
191|2
191|8
191|14
192|2
192|3
192|9
193|6
194|4
194|1
194|2
195|8
195|9
196|2
196|11
196|3
196|9
197|8
197|1
197|11
197|9
197|4
198|2
198|3
198|9
199|3
199|1
199|11
199|5
200|2
200|3
200|1
201|4
201|2
201|7
202|7
202|14
203|8
203|2
203|11
203|9
204|2
204|1
204|4
204|7
205|1
205|7
205|5
206|2
206|1
206|5
206|14
207|2
207|3
207|1
208|1
208|2
208|4
209|2
209|3
209|1
210|1
210|7
211|1
211|5
211|3
212|9
212|11
212|3
213|1
213|2
213|4
213|7
214|2
214|1
214|7
215|6
216|2
216|3
216|1
216|7
217|2
217|6
217|1
218|7
218|1
218|3
218|13
219|1
219|7
220|1
220|2
220|11
221|4
221|2
221|14
222|9
222|2
222|8
222|11
223|4
223|1
223|6
223|7
224|1
224|4
225|1
225|4
226|1
226|9
226|4
227|11
227|6
227|12
228|1
228|11
229|1
229|4
229|2
229|14
230|4
230|2
230|1
231|2
231|1
231|4
232|8
232|11
232|9
233|1
233|4
233|2
233|3
234|2
234|1
234|4
235|2
235|8
235|11
235|9
235|3
236|3
236|2
236|11
236|9
237|6
237|1
237|15
237|16
238|1
238|2
238|6
239|4
239|1
239|2
239|3
239|11
240|4
240|7
240|6
241|1
241|2
241|7
242|3
242|1
242|2
242|11
243|1
243|2
243|4
244|1
244|2
244|11
244|9
244|3
245|1
245|6
245|7
246|2
246|1
246|7
247|6
247|15
247|16
247|1
248|7
248|5
249|1
249|11
249|6
249|7
250|2
250|4
250|7
251|6
252|11
253|1
253|5
253|11
254|1
254|16
255|8
255|9
255|2
255|11
255|3
256|8
256|9
257|2
257|4
258|1
258|4
258|6
259|3
259|9
259|11
259|8
260|1
260|2
260|7
261|4
261|1
261|2
262|1
262|7
263|2
263|3
263|1
264|1
264|2
264|11
265|6
266|11
266|3
266|9
267|1
267|4
268|6
268|1
268|2
268|15
268|16
269|8
269|3
269|9
269|11
270|12
270|9
270|8
270|17
271|6
271|2
271|4
272|1
272|7
272|4
272|2
273|11
273|12
274|1
274|5
274|7
275|1
275|6
275|2
276|1
276|7
276|4
276|14
277|2
277|3
277|9
278|2
278|1
278|7
279|7
279|4
279|1
279|2
280|1
280|7
280|4
281|15
281|5
281|6
282|6
282|5
283|1
283|7
284|7
284|6
284|5
285|11
285|12
286|1
286|11
286|5
287|1
287|6
287|14
287|7
288|6
288|10
289|6
289|8
289|9
290|2
290|8
290|11
290|9
290|3
291|1
291|2
291|7
292|2
292|1
292|7
292|14
293|3
293|1
293|2
293|9
294|9
294|3
295|8
295|2
295|9
295|3
296|1
296|7
296|12
297|1
297|3
297|13
297|14
298|6
298|7
298|1
299|5
299|6
299|11
300|1
300|5
300|3
301|2
301|1
301|7
301|4
302|6
302|4
303|8
303|2
303|9
303|3
304|1
304|5
305|1
305|2
306|2
306|8
306|9
306|3
306|4
307|2
307|11
307|4
308|1
308|2
308|7
309|1
309|5
309|7
310|3
310|11
310|9
310|2
311|7
311|6
311|2
311|1
311|15
312|1
312|11
312|4
313|16
313|1
313|2
313|6
313|7
314|8
315|5
315|6
315|14
315|7
316|2
316|1
316|3
317|6
317|15
317|5
318|6
318|15
318|16
319|8
319|11
319|9
320|1
320|11
320|4
321|1
321|15
321|16
322|11
323|2
323|3
323|1
323|7
323|4
324|11
324|6
324|12
325|2
325|8
325|11
325|9
326|8
326|11
326|2
326|9
327|12
327|3
327|9
327|6
328|3
328|6
329|8
329|9
330|2
330|3
330|1
331|2
331|3
331|1
332|2
332|3
333|2
333|3
333|1
333|7
334|7
334|4
334|6
334|14
335|2
335|1
335|7
335|4
336|7
336|1
336|6
336|4
337|2
337|9
337|3
338|1
338|7
339|10
339|15
339|16
340|1
340|2
340|8
340|9
341|1
341|2
342|2
342|3
342|9
343|1
343|2
343|11
343|4
344|8
344|11
344|9
345|1
345|7
346|1
346|11
346|5
346|7
347|6
347|13
347|14
347|7
348|8
348|11
348|9
349|8
349|11
349|9
349|2
350|2
350|11
350|6
350|3
351|1
351|2
351|11
351|5
351|7
352|6
352|7
352|5
353|8
353|9
353|2
354|1
354|11
355|7
355|5
355|14
355|6
356|1
356|7
357|1
357|2
357|5
357|14
358|6
359|8
359|9
359|2
359|4
360|2
360|8
360|11
360|9
361|6
361|7
361|15
361|16
362|11
362|1
363|1
363|11
363|4
364|6
364|4
364|2
365|7
365|3
365|11
365|9
365|14
366|6
366|4
366|14
367|1
367|4
367|7
368|5
368|7
369|2
369|9
369|3
370|1
370|2
370|3
370|7
371|1
371|2
371|11
371|5
371|14
371|7
372|7
372|1
372|12
372|4
372|2
373|1
373|5
373|7
374|4
375|8
375|2
375|11
375|9
376|11
376|4
377|4
377|1
377|6
377|7
378|5
378|7
378|6
379|6
379|15
379|7
380|2
380|3
380|1
381|12
381|6
381|15
382|3
382|1
382|9
383|6
383|15
384|1
384|2
384|6
385|2
385|6
386|8
386|11
387|1
387|6
387|7
388|1
388|7
389|7
389|5
390|2
390|1
390|7
391|8
391|11
391|9
391|3
392|11
392|9
392|3
392|12
393|1
393|7
394|11
394|9
395|1
395|11
396|11
396|12
397|1
397|6
397|7
398|11
398|12
399|5
399|7
400|2
400|8
400|9
401|2
401|1
401|4
402|16
403|2
403|1
403|11
403|7
404|2
404|3
404|1
404|11
404|9
405|6
405|15
405|12
406|1
406|5
406|6
406|7
407|6
407|8
407|9
407|11
408|3
408|6
408|14
409|1
409|7
409|6
410|6
410|17
411|2
411|3
411|6
411|11
411|4
411|9
412|1
412|2
412|11
413|1
413|7
413|2
413|4
414|3
414|11
414|12
414|4
415|14
415|2
415|11
416|1
416|4
417|11
417|6
417|3
417|12
418|13
418|11
418|3
419|11
419|9
420|2
420|3
420|4
421|2
421|3
421|4
422|5
422|6
422|14
422|7
423|4
424|3
424|11
425|7
425|2
425|1
426|2
426|1
426|7
427|4
427|2
427|3
428|11
429|1
429|3
430|11
430|8
430|9
431|8
431|9
432|11
432|9
432|3
433|1
433|6
433|12
434|1
434|11
434|5
434|7
435|11
435|6
436|11
436|3
436|9
436|17
436|8
437|11
438|1
438|11
438|7
439|6
439|11
439|12
440|6
440|7
440|14
441|11
441|12
441|6
442|8
442|11
442|9
442|4
443|1
443|5
443|4
443|7
444|3
444|11
444|9
444|12
445|7
445|5
445|6
446|12
446|11
447|1
447|7
447|5
448|14
448|7
448|1
449|6
450|1
450|7
450|4
451|11
451|9
451|4
452|13
452|7
452|3
452|14
453|8
453|11
453|6
453|9
453|3
454|1
454|11
454|5
454|14
454|9
455|6
455|4
455|7
456|1
456|6
456|14
456|7
457|16
457|6
457|1
458|1
458|2
458|11
458|12
459|11
459|9
459|8
459|2
460|10
460|8
460|2
460|11
460|9
461|11
461|12
461|9
462|2
462|9
462|4
463|6
463|7
463|14
464|12
464|6
465|8
465|11
465|9
466|8
466|9
466|17
467|4
467|2
467|1
468|1
468|2
468|9
468|3
469|1
469|5
469|7
470|1
470|2
471|6
471|3
471|12
472|11
472|3
472|12
473|2
473|3
473|1
473|11
473|7
474|11
474|3
474|4
475|14
475|6
475|13
476|1
476|2
476|6
477|1
477|4
477|7
478|6
478|7
479|1
479|2
479|7
480|8
480|9
480|2
481|1
481|4
481|16
482|8
482|11
482|9
483|6
483|17
483|12
484|1
484|2
484|4
485|6
485|2
486|2
486|11
486|6
486|9
486|3
487|3
487|1
487|2
488|7
488|1
488|4
489|2
489|3
489|8
489|9
490|18
490|9
491|7
491|4
491|2
491|1
492|1
492|2
492|15
492|12
492|6
493|11
493|8
494|6
494|12
495|9
495|8
495|6
496|2
496|1
496|4
497|8
497|9
497|11
498|5
498|7
498|13
499|10
499|2
500|11
501|1
501|5
501|7
502|2
502|8
502|3
503|4
503|7
504|1
504|2
504|8
504|11
504|9
505|8
505|9
506|3
506|1
506|7
506|4
507|8
507|11
507|9
508|1
508|2
508|4
509|2
509|1
509|4
510|9
510|8
511|6
511|1
511|7
511|4
512|2
512|1
512|4
513|1
513|7
513|5
514|1
514|2
514|7
515|8
515|9
515|11
515|2
516|11
516|12
517|9
517|11
517|17
517|12
518|13
518|14
518|7
519|1
519|2
519|11
519|9
520|7
520|5
521|11
522|11
522|6
523|11
523|9
524|1
524|2
524|7
525|11
525|6
525|15
526|8
526|1
526|11
526|9
527|6
528|11
528|5
529|6
529|1
529|15
529|7
530|1
530|6
530|16
531|1
531|11
531|7
531|12
532|11
532|1
532|2
533|11
534|8
534|11
534|9
534|3
535|1
535|11
535|5
535|12
536|1
536|2
536|6
536|12
537|6
537|15
537|12
538|3
538|1
538|6
539|14
539|6
539|7
539|5
540|8
540|1
540|4
540|9
540|2
541|1
541|2
541|11
541|7
542|1
542|16
542|4
543|1
543|6
543|13
543|4
543|7
544|2
544|3
544|8
544|1
544|11
545|1
545|2
545|6
545|7
546|4
546|7
546|6
547|9
547|8
547|2
547|11
548|1
548|3
548|7
549|5
549|14
550|4
551|9
551|8
552|12
552|11
552|2
553|11
553|6
554|7
554|1
554|6
555|11
556|11
556|9
556|12
556|3
557|1
557|6
557|15
557|16
558|6
558|16
559|8
559|11
559|9
560|6
560|12
561|1
562|2
562|6
562|9
563|6
563|14
563|7
564|11
564|9
564|3
565|6
565|7
565|4
565|14
566|2
566|8
566|11
566|9
566|3
567|8
567|2
567|11
567|9
568|11
568|12
569|1
569|2
569|7
570|8
570|2
570|11
570|9
571|1
571|7
572|6
572|1
572|7
572|16
573|2
573|3
573|11
573|9
574|1
574|7
575|1
575|7
575|5
576|6
576|14
576|12
576|4
576|7
577|6
577|7
577|3
577|14
578|2
578|4
578|1
579|11
579|9
579|8
579|3
579|17
580|1
580|15
580|16
581|1
581|7
582|4
582|1
582|2
582|7
583|1
583|4
584|2
584|3
584|6
585|3
586|6
586|16
587|16
587|6
587|15
587|1
588|2
588|1
588|7
588|4
589|6
589|5
590|13
590|1
590|6
590|3
590|16
591|6
591|1
591|7
591|5
592|2
592|3
592|12
592|9
593|2
593|6
593|15
594|11
594|6
595|1
595|2
595|11
595|7
596|2
596|1
596|13
597|1
597|2
597|11
597|7
598|3
598|1
598|13
599|11
599|6
599|17
599|12
600|6
600|16
601|1
601|2
601|7
602|1
602|4
602|7
603|1
603|2
603|7
604|7
605|2
605|8
605|1
605|11
605|9
606|8
606|17
606|9
607|5
607|6
607|14
608|14
608|1
608|7
608|4
608|2
609|5
609|14
609|7
610|1
610|7
611|1
611|2
612|7
612|1
612|6
613|2
613|3
613|6
613|12
614|1
614|5
614|7
615|8
615|9
616|1
616|11
616|5
617|11
618|2
618|6
618|15
619|2
619|3
619|1
619|11
619|4
620|11
621|6
621|7
622|1
622|6
622|15
622|7
623|1
623|6
623|7
624|11
625|1
625|3
625|13
626|12
626|6
626|14
627|14
627|4
627|7
628|1
628|2
628|3
628|16
629|6
629|15
629|16
630|1
630|5
630|6
630|7
631|11
631|12
632|8
632|11
632|9
632|2
633|6
633|13
633|4
633|7
634|15
634|6
635|1
635|4
636|6
637|3
637|11
637|9
638|6
638|17
638|12
639|11
639|12
640|11
641|1
641|2
642|11
642|6
643|6
643|16
644|1
644|2
644|7
645|1
645|2
645|7
646|1
646|2
646|6
646|7
647|3
647|11
647|9
648|6
648|15
648|7
649|6
649|12
650|11
651|14
651|6
652|11
652|6
652|9
653|12
653|11
653|5
653|6
654|1
654|11
654|12
655|4
655|1
655|13
655|7
655|2
655|3
656|1
656|7
657|11
657|6
658|1
658|13
658|4
659|1
659|7
659|4
660|5
660|1
660|14
660|7
661|1
661|2
661|6
661|12
661|7
662|9
662|3
662|4
662|2
663|6
664|6
665|1
665|2
665|11
666|1
666|2
666|11
666|5
666|12
666|7
667|13
667|7
668|5
668|6
668|9
669|1
669|3
670|5
670|7
671|6
671|12
672|2
672|6
673|5
673|3
673|6
674|11
674|5
674|4
675|8
675|1
675|9
675|4
676|2
676|4
677|6
677|1
677|10
678|1
678|6
678|7
679|1
679|6
679|2
680|11
680|5
681|1
681|6
681|7
681|16
682|11
682|6
682|12
683|11
683|12
684|1
684|2
684|11
684|7
684|5
685|5
685|6
685|14
685|10
686|1
686|11
686|6
687|8
687|11
687|9
688|1
688|2
688|16
689|11
689|12
690|11
690|9
691|3
691|6
691|5
692|1
692|2
692|11
693|8
693|9
693|11
694|14
694|7
694|6
695|1
695|6
695|14
695|7
696|2
696|1
696|7
697|5
697|6
697|14
697|7
698|11
698|6
699|2
699|8
699|6
699|9
699|17
700|11
700|9
701|1
701|11
701|5
702|11
702|9
703|1
703|5
704|12
704|11
705|2
705|8
705|11
705|9
706|11
706|12
707|2
708|11
709|1
710|6
711|11
711|6
711|12
711|3
712|1
712|2
712|11
712|5
712|7
713|6
714|6
714|12
715|6
715|5
715|7
716|1
716|3
716|2
717|6
717|1
717|7
718|5
718|6
718|7
719|1
719|4
719|7
720|17
720|18
721|6
721|7
721|4
722|11
722|2
722|5
723|8
723|9
724|7
724|4
725|1
725|6
725|7
725|5
726|11
726|9
727|11
727|5
728|9
728|11
729|3
729|1
729|4
730|6
731|9
731|8
731|2
731|11
732|1
732|7
732|2
732|5
733|1
733|2
733|14
733|4
733|7
734|6
734|12
735|2
735|8
735|9
736|7
736|1
736|11
736|4
737|1
737|7
738|1
738|6
738|7
739|6
739|11
740|1
740|5
740|7
741|4
741|13
741|1
742|1
742|6
742|14
742|7
742|5
743|8
743|11
743|9
743|3
744|6
744|3
744|11
745|2
745|8
745|11
745|9
745|3
746|1
746|11
747|2
747|1
747|3
748|5
748|6
748|1
748|7
749|11
749|2
750|6
750|15
751|1
752|12
752|11
752|5
753|11
753|6
753|9
753|4
754|1
754|7
754|5
755|4
755|8
755|9
755|11
755|2
756|4
756|1
756|2
756|7
757|5
757|11
757|12
758|6
758|12
759|5
759|6
759|14
759|7
760|13
760|14
760|7
761|11
761|5
762|1
762|5
762|6
762|7
763|1
763|5
763|6
763|7
764|6
765|3
765|6
766|6
766|17
767|8
767|11
767|9
768|1
768|2
768|5
768|6
768|14
768|7
769|1
769|4
769|3
769|7
769|13
770|9
770|8
770|2
771|13
771|4
771|14
772|6
773|6
774|1
774|2
774|6
774|15
774|12
774|16
775|1
775|6
775|7
776|13
776|4
776|7
777|6
777|3
777|14
777|12
778|1
778|2
778|6
778|14
778|12
778|3
779|11
779|4
779|2
779|9
780|6
780|13
780|7
781|11
782|2
782|9
782|3
783|1
783|11
783|7
783|5
783|4
784|11
784|2
785|2
785|3
785|1
785|6
786|6
786|12
786|2
786|16
787|1
787|2
787|3
788|1
788|15
788|16
789|1
789|2
789|11
790|6
790|11
791|16
791|1
792|2
792|13
792|11
793|11
793|3
793|12
794|4
794|11
794|9
794|12
795|1
795|2
795|7
795|16
796|11
796|12
796|6
797|11
797|10
798|11
799|11
800|1
800|2
800|13
800|4
801|6
801|1
801|2
801|15
801|16
802|6
802|13
802|14
802|7
803|11
804|3
805|1
805|11
805|5
805|6
806|1
806|3
806|7
807|6
807|15
807|12
808|1
808|11
808|6
808|9
808|7
809|2
809|6
809|1
809|7
810|11
810|6
810|12
811|11
811|17
811|9
811|3
811|8
812|11
812|12
813|2
813|8
813|6
813|9
814|1
814|2
814|3
814|4
815|3
815|11
815|12
815|4
816|11
816|6
816|12
817|2
817|11
817|9
817|12
818|11
818|12
819|1
819|6
819|7
820|11
821|3
821|11
821|9
822|7
822|1
822|5
823|11
823|6
823|12
824|1
824|7
824|6
825|6
826|7
826|6
826|14
827|6
827|7
827|5
827|14
827|12
828|6
828|3
828|12
829|1
829|5
830|11
831|1
831|5
831|7
832|1
832|2
832|11
833|3
833|11
834|2
834|1
834|11
834|10
835|1
835|2
835|6
835|7
836|11
836|9
837|1
837|2
837|3
838|8
838|11
838|9
839|4
839|1
839|13
840|15
840|6
840|17
841|1
841|7
841|5
841|2
842|2
843|9
843|11
844|11
845|6
845|1
845|7
845|5
846|6
846|14
846|7
847|11
848|11
849|8
849|2
849|9
849|11
850|5
850|6
850|14
851|1
851|6
851|4
851|7
852|6
852|14
852|7
853|7
853|6
853|12
854|6
854|15
854|12
855|1
855|4
856|6
856|15
856|16
857|1
857|7
857|5
858|11
859|11
859|2
859|5
859|9
860|1
860|2
860|11
860|9
860|3
860|4
861|6
861|12
862|6
863|6
863|12
864|1
864|7
865|3
865|13
865|1
865|7
866|6
867|1
867|5
867|7
868|5
868|6
868|7
869|11
869|6
869|12
870|11
870|12
871|1
871|2
871|3
871|4
872|6
873|6
873|7
874|1
874|2
874|5
874|7
875|8
875|9
876|6
876|17
876|12
877|14
877|7
877|5
878|5
878|6
879|16
879|6
879|15
880|6
880|5
880|7
881|7
881|1
881|13
882|6
882|7
883|6
883|12
884|6
884|5
885|7
885|6
885|15
886|12
886|11
887|11
887|12
888|11
888|12
889|1
889|2
889|11
890|6
890|15
890|16
891|11
892|11
892|6
892|12
893|6
893|5
894|1
894|5
894|7
895|1
895|11
895|3
896|11
897|8
897|11
897|9
898|11
898|9
899|2
899|3
899|6
899|12
900|2
900|8
900|11
900|9
900|3
901|4
901|7
901|12
902|2
903|11
903|6
903|12
904|11
904|3
905|11
905|12
906|11
906|6
907|11
908|11
908|12
909|7
909|4
909|14
910|6
911|11
911|12
912|5
912|11
912|1
913|13
913|12
914|11
915|1
915|11
916|6
916|12
917|11
918|3
918|11
918|17
919|5
919|6
919|7
920|6
920|1
920|7
920|5
921|1
921|2
921|6
921|14
921|4
921|7
922|6
922|11
922|9
923|1
923|2
923|6
923|14
923|4
923|7
924|11
925|6
925|13
925|7
926|11
926|6
926|12
927|8
927|11
927|9
928|11
928|9
929|6
930|1
930|6
930|4
930|7
931|1
931|7
931|14
932|2
932|9
932|3
932|4
932|7
932|1
933|1
933|7
933|3
934|1
934|2
934|11
934|10
935|2
935|8
935|11
935|9
936|11
936|9
936|2
936|3
936|12
937|7
938|3
938|13
938|1
939|7
939|6
940|1
940|7
940|4
940|2
941|6
941|7
942|1
942|6
942|15
942|7
942|16
943|12
943|8
943|2
943|11
943|9
943|3
944|7
945|5
945|6
945|7
946|1
946|6
947|6
947|7
947|14
948|13
948|14
949|11
950|11
951|1
951|2
951|5
951|6
951|14
951|7
952|1
952|7
953|1
953|11
953|5
954|11
954|13
954|3
955|6
956|1
956|7
957|13
957|1
957|4
958|11
958|12
959|7
959|5
959|6
960|1
960|7
961|2
961|9
961|4
962|6
962|2
962|12
962|7
963|6
963|11
963|12
964|1
964|5
964|7
965|6
965|12
966|6
966|7
966|5
967|9
967|11
968|6
968|3
969|5
969|6
969|7
970|1
970|2
970|5
970|7
971|5
971|6
971|7
972|11
972|6
972|12
973|1
973|2
973|12
973|4
973|7
974|1
974|6
974|14
974|7
974|5
975|5
975|6
975|14
975|7
976|6
976|7
976|5
977|1
977|2
977|4
977|7
978|2
978|8
978|9
978|3
978|4
979|2
979|11
979|6
980|16
980|1
980|6
980|15
980|7
981|6
981|7
981|5
982|11
982|1
983|1
983|5
983|6
983|14
983|7
984|7
984|5
984|14
985|1
985|7
985|2
985|5
986|2
986|6
986|1
986|15
986|16
987|11
988|6
988|7
988|14
989|1
989|6
989|7
990|1
990|2
990|11
990|9
991|6
991|15
991|12
992|6
992|7
993|1
993|5
994|1
994|7
994|14
994|12
995|1
995|7
995|4
996|3
996|6
996|12
997|11
997|5
997|6
997|7
998|11
999|11
999|5
1000|11
1000|6
1000|12
1000|4
1001|3
1001|7
1001|1
1001|5
1002|1
1002|2
1002|4
1002|7
1003|1
1003|4
1003|7
1004|1
1004|11
1004|7
1004|5
1004|14
1005|6
1005|11
1006|7
1006|6
1006|5
1007|2
1007|1
1008|6
1008|12
1009|5
1009|1
1009|4
1010|6
1010|14
1010|7
1010|5
1011|5
1011|6
1011|7
1012|13
1013|1
1013|2
1013|11
1014|5
1014|7
1015|2
1015|11
1016|6
1016|4
1017|11
1017|3
1017|12
1017|4
1018|3
1018|11
1018|12
1019|17
1019|6
1019|5
1019|12
1020|10
1021|7
1021|1
1022|12
1022|11
1022|5
1023|11
1023|6
1023|7
1024|6
1025|2
1025|1
1025|11
1025|7
1025|5
1026|6
1026|5
1026|12
1027|11
1027|6
1027|12
1028|1
1028|2
1028|7
1028|16
1029|6
1029|4
1029|2
1029|14
1030|8
1030|11
1030|9
1030|3
1030|4
1031|6
1031|13
1031|7
1031|12
1032|11
1032|12
1033|11
1033|12
1034|5
1034|14
1034|7
1035|4
1035|1
1035|2
1035|7
1036|1
1036|10
1036|6
1036|3
1036|7
1037|6
1037|7
1037|14
1037|16
1038|11
1039|5
1039|6
1039|7
1040|6
1040|15
1040|16
1041|3
1041|11
1041|9
1042|1
1042|5
1042|7
1043|11
1044|11
1044|5
1044|1
1045|1
1045|4
1045|2
1045|11
1045|9
1046|11
1046|6
1046|9
1046|12
1047|6
1047|14
1047|7
1047|5
1048|6
1048|7
1048|5
1048|14
1049|6
1049|11
1050|6
1050|1
1050|7
1050|5
1051|12
1051|11
1052|6
1052|7
1052|5
1053|1
1053|5
1053|6
1053|7
1054|11
1054|9
1054|4
1055|11
1056|11
1056|9
1056|17
1057|13
1057|1
1058|6
1059|1
1059|2
1059|5
1059|7
1060|2
1060|13
1060|7
1061|11
1062|11
1062|12
1062|6
1063|2
1063|8
1063|11
1063|9
1064|13
1064|14
1064|7
1065|1
1065|7
1066|11
1066|6
1066|12
1067|11
1067|6
1067|9
1068|12
1068|11
1068|9
1069|2
1069|11
1069|9
1069|4
1070|11
1070|6
1070|9
1071|13
1071|1
1071|4
1072|11
1073|2
1073|11
1073|6
1074|1
1074|2
1074|5
1074|7
1075|2
1075|9
1075|3
1076|5
1076|6
1076|7
1077|1
1077|2
1077|5
1077|7
1078|2
1078|1
1078|11
1079|3
1079|2
1079|8
1079|11
1079|9
1080|1
1080|4
1080|2
1081|2
1081|6
1081|17
1081|12
1082|6
1082|12
1083|1
1083|2
1083|5
1083|7
1084|1
1084|2
1084|4
1084|7
1085|1
1085|2
1085|5
1085|6
1085|7
1086|11
1086|3
1086|4
1087|2
1087|11
1087|9
1087|3
1087|4
1088|5
1088|6
1088|14
1088|7
1089|11
1089|17
1090|2
1090|1
1091|6
1091|12
1091|10
1092|15
1092|6
1093|7
1093|14
1094|2
1094|1
1094|13
1094|4
1095|6
1095|16
1096|1
1096|6
1096|3
1097|1
1097|5
1097|7
1098|1
1098|11
1098|7
1099|6
1099|12
1100|1
1100|7
1101|5
1101|2
1101|1
1101|11
1101|7
1102|8
1102|1
1102|11
1102|9
1103|6
1103|7
1104|2
1104|1
1104|7
1104|5
1104|14
1105|1
1106|5
1106|6
1106|7
1107|1
1107|2
1107|7
1107|16
1108|6
1108|7
1109|8
1109|9
1110|1
1110|6
1110|15
1110|10
1111|3
1111|1
1111|4
1111|7
1112|6
1112|4
1112|7
1113|6
1114|11
1114|6
1115|1
1115|5
1116|12
1116|11
1117|6
1117|14
1117|7
1118|6
1119|1
1119|7
1119|5
1120|1
1120|11
1120|5
1121|12
1121|11
1121|6
1122|8
1122|11
1122|9
1123|11
1123|12
1124|11
1124|12
1125|1
1125|11
1125|5
1126|6
1126|15
1126|12
1127|11
1128|6
1128|14
1128|7
1128|5
1129|11
1129|6
1129|12
1130|6
1130|13
1130|14
1131|11
1132|2
1132|1
1132|7
1133|3
1133|7
1133|13
1134|1
1134|5
1134|7
1135|2
1135|11
1135|9
1135|3
1136|5
1136|6
1136|7
1137|6
1137|2
1137|1
1137|15
1138|1
1138|11
1138|5
1139|1
1139|11
1140|2
1140|3
1140|1
1140|10
1140|7
1141|1
1141|11
1141|5
1142|6
1143|2
1143|11
1143|8
1144|2
1144|6
1144|12
1144|1
1145|7
1145|3
1145|1
1145|11
1146|14
1146|7
1146|6
1147|1
1147|7
1147|5
1148|11
1149|6
1150|6
1150|5
1151|11
1151|12
1151|6
1152|5
1152|6
1152|14
1152|7
1153|2
1153|11
1153|9
1153|4
1154|1
1154|4
1155|6
1155|12
1155|7
1156|1
1156|2
1156|11
1156|9
1156|4
1157|5
1157|6
1157|7
1158|11
1159|1
1159|6
1159|7
1159|16
1160|11
1161|13
1162|6
1163|11
1163|12
1163|6
1164|11
1165|13
1165|14
1166|2
1166|11
1166|9
1166|4
1167|11
1168|12
1168|13
1169|12
1169|6
1170|6
1171|7
1171|5
1171|6
1172|11
1173|2
1173|6
1173|9
1174|11
1175|1
1175|11
1176|1
1176|2
1176|6
1176|15
1176|12
1176|16
1177|6
1177|17
1178|1
1178|7
1178|5
1179|6
1179|1
1179|7
1179|5
1180|11
1181|11
1181|12
1182|6
1182|7
1182|15
1183|11
1183|5
1184|1
1184|11
1184|5
1184|12
1185|11
1186|11
1186|12
1187|13
1187|14
1188|7
1188|6
1189|1
1189|6
1189|7
1189|16
1190|11
1191|6
1191|12
1191|11
1192|11
1192|2
1192|3
1192|4
1192|1
1193|1
1193|2
1193|3
1193|13
1193|4
1193|7
1194|1
1194|2
1194|6
1194|7
1195|5
1195|6
1195|7
1196|1
1196|14
1196|7
1197|6
1197|14
1197|7
1198|11
1199|8
1199|11
1199|2
1199|9
1199|4
1200|1
1200|2
1200|6
1200|7
1201|1
1201|2
1201|7
1202|1
1202|4
1202|2
1202|7
1203|11
1203|5
1203|6
1203|12
1203|7
1204|7
1204|14
1205|12
1205|6
1205|14
1206|6
1206|13
1206|14
1206|7
1207|3
1207|6
1207|11
1207|9
1208|11
1208|12
1209|17
1209|6
1210|6
1210|5
1210|7
1211|13
1211|7
1212|6
1212|15
1212|14
1213|2
1214|3
1214|1
1214|4
1214|7
1214|13
1215|11
1215|9
1216|6
1216|12
1217|11
1217|17
1217|12
1218|2
1218|11
1218|4
1219|11
1220|13
1220|14
1221|7
1221|5
1221|14
1222|6
1222|17
1223|11
1224|11
1224|6
1225|13
1225|14
1226|11
1226|5
1226|12
1227|6
1227|12
1228|11
1228|6
1228|12
1229|11
1230|11
1230|10
1231|2
1231|3
1231|1
1231|7
1231|4
1232|6
1233|11
1233|6
1233|12
1234|6
1235|5
1235|1
1235|2
1236|6
1236|12
1237|6
1237|13
1237|7
1237|5
1238|11
1239|3
1239|13
1239|4
1240|1
1240|2
1240|6
1241|6
1242|6
1242|12
1243|13
1244|6
1244|5
1245|11
1245|16
1246|1
1246|7
1246|5
1246|6
1247|3
1247|8
1247|6
1247|12
1247|9
1248|5
1248|6
1248|14
1249|6
1249|12
1250|1
1251|6
1251|7
1252|6
1253|6
1253|15
1254|1
1254|5
1254|6
1254|7
1255|1
1255|6
1255|7
1255|5
1256|7
1256|6
1257|1
1257|2
1257|11
1258|2
1258|8
1258|11
1258|9
1259|11
1259|6
1259|12
1260|11
1260|3
1260|4
1261|11
1261|12
1262|11
1263|11
1264|2
1264|6
1264|12
1265|6
1265|14
1266|13
1266|7
1267|2
1267|3
1267|1
1267|7
1268|1
1268|11
1268|7
1269|11
1269|17
1270|1
1270|6
1270|7
1271|1
1271|4
1272|1
1272|13
1272|14
1272|4
1272|7
1273|1
1273|4
1273|7
1274|1
1274|2
1274|6
1274|7
1275|11
1275|3
1275|4
1276|4
1276|7
1277|6
1277|11
1278|2
1278|3
1278|8
1278|11
1278|4
1278|9
1279|1
1279|6
1279|5
1280|2
1280|1
1280|9
1281|7
1281|6
1281|14
1282|1
1282|5
1282|7
1282|6
1283|1
1283|2
1283|7
1283|6
1284|11
1284|6
1285|1
1285|6
1285|15
1286|1
1286|15
1286|16
1287|1
1287|4
1287|6
1288|2
1288|8
1288|11
1288|9
1288|3
1289|1
1289|11
1290|3
1290|1
1290|7
1291|1
1291|2
1291|16
1291|15
1292|6
1292|12
1292|3
1293|11
1294|8
1294|11
1294|9
1295|4
1295|1
1295|2
1295|7
1296|12
1296|6
1297|11
1297|1
1297|2
1297|3
1297|4
1298|11
1299|2
1299|6
1299|1
1300|11
1300|12
1301|11
1301|12
1302|11
1302|9
1303|1
1303|2
1303|9
1304|4
1304|1
1304|2
1304|7
1305|1
1305|6
1305|15
1306|6
1306|12
1307|2
1307|9
1307|3
1307|8
1308|6
1309|6
1309|7
1310|5
1310|11
1310|12
1311|1
1311|11
1311|9
1312|6
1312|12
1312|7
1313|11
1314|13
1314|14
1314|7
1315|6
1315|7
1316|17
1316|6
1316|11
1317|6
1318|1
1318|6
1319|13
1319|14
1319|4
1320|4
1320|1
1320|7
1321|1
1321|2
1321|14
1321|7
1322|1
1322|10
1323|2
1323|9
1323|3
1324|6
1325|2
1325|1
1325|11
1325|12
1326|6
1327|2
1327|4
1328|6
1329|5
1329|6
1329|7
1330|12
1330|11
1330|6
1331|11
1331|6
1332|2
1332|11
1332|9
1332|3
1333|6
1333|1
1334|6
1335|1
1335|11
1335|5
1336|11
1336|12
1337|6
1337|9
1338|2
1338|3
1338|6
1338|12
1339|6
1339|7
1339|5
1340|1
1340|11
1340|5
1341|11
1341|5
1342|1
1342|3
1342|4
1342|7
1343|6
1343|1
1343|7
1344|2
1344|1
1344|7
1345|4
1345|11
1345|2
1346|9
1346|6
1347|7
1348|1
1348|6
1349|6
1349|11
1349|12
1350|15
1350|6
1351|6
1351|12
1352|6
1352|7
1352|13
1353|7
1353|4
1353|14
1353|12
1354|6
1354|11
1355|8
1355|9
1356|11
1357|11
1358|1
1358|6
1358|15
1359|2
1359|11
1359|5
1359|4
1360|3
1360|1
1361|6
1362|2
1362|1
1362|11
1362|7
1362|5
1363|6
1364|1
1364|11
1364|9
1364|2
1365|11
1365|5
1366|6
1366|2
1366|10
1367|11
1367|6
1367|12
1368|4
1368|2
1368|14
1369|11
1369|5
1370|5
1370|7
1371|6
1371|5
1372|11
1373|11
1373|12
1374|6
1374|12
1374|16
1375|5
1375|6
1375|14
1375|7
1376|2
1376|11
1376|9
1377|11
1377|12
1378|4
1378|13
1378|1
1379|13
1380|13
1380|4
1380|7
1381|1
1381|2
1381|6
1382|6
1383|2
1383|8
1383|11
1383|9
1384|6
1385|12
1385|11
1386|11
1387|11
1387|6
1387|15
1388|6
1388|15
1389|11
1390|11
1390|9
1391|3
1391|1
1391|2
1391|4
1391|7
1392|11
1393|11
1394|11
1394|12
1395|5
1395|6
1395|7
1396|13
1396|1
1396|4
1397|13
1398|11
1398|5
1398|7
1399|1
1400|1
1400|7
1400|4
1401|11
1401|12
1402|11
1402|6
1402|12
1403|2
1403|11
1403|3
1404|11
1404|9
1405|1
1405|2
1405|7
1406|6
1406|16
1407|6
1407|15
1408|13
1409|6
1409|12
1410|6
1410|5
1410|15
1411|13
1411|14
1411|7
1412|6
1412|3
1412|13
1413|4
1413|1
1413|7
1414|6
1415|11
1415|12
1416|4
1417|11
1417|12
1418|1
1418|7
1418|5
1418|14
1419|5
1419|6
1419|14
1419|7
1420|5
1420|1
1420|7
1421|11
1421|3
1422|5
1422|15
1423|6
1423|14
1423|4
1423|7
1424|9
1424|3
1424|11
1425|6
1426|7
1426|1
1426|14
1427|8
1427|9
1427|2
1428|11
1428|6
1429|1
1429|11
1429|4
1430|7
1430|5
1430|6
1431|13
1431|11
1432|5
1432|1
1432|7
1433|1
1433|11
1433|5
1434|16
1434|2
1434|6
1434|12
1435|1
1435|5
1436|11
1436|12
1437|11
1438|1
1438|13
1438|7
1439|3
1439|1
1439|2
1440|1
1440|2
1440|6
1440|15
1441|1
1441|2
1441|6
1441|7
1442|11
1442|17
1443|6
1443|12
1444|1
1444|10
1445|6
1445|15
1445|12
1446|1
1446|5
1446|14
1446|7
1447|6
1447|3
1448|1
1448|2
1448|7
1449|1
1449|6
1449|7
1449|5
1450|6
1450|3
1450|13
1450|14
1450|12
1450|7
1451|1
1451|5
1452|9
1452|3
1452|11
1453|2
1453|6
1453|7
1454|3
1454|9
1454|1
1455|11
1455|6
1455|12
1456|6
1457|1
1457|5
1457|6
1457|7
1458|1
1458|5
1458|6
1458|14
1458|7
1459|7
1459|5
1459|12
1460|1
1460|15
1460|16
1461|16
1461|2
1461|6
1461|12
1462|6
1462|16
1462|12
1462|10
1463|6
1464|1
1464|11
1464|10
1464|5
1465|6
1465|5
1466|1
1466|14
1466|4
1466|7
1467|11
1468|6
1468|12
1469|6
1469|2
1469|4
1469|12
1470|1
1470|11
1470|7
1471|1
1471|5
1471|6
1471|7
1472|8
1472|9
1473|6
1473|12
1474|6
1474|4
1474|7
1475|12
1475|6
1475|2
1476|11
1476|12
1477|6
1477|15
1478|6
1478|15
1479|6
1480|1
1480|5
1480|7
1481|5
1481|11
1482|9
1482|3
1482|8
1482|2
1483|13
1483|1
1483|7
1483|4
1484|17
1484|6
1484|12
1485|1
1485|5
1485|13
1485|7
1486|14
1486|7
1487|1
1487|5
1487|6
1488|6
1489|1
1489|5
1489|7
1490|11
1490|6
1491|2
1491|1
1491|4
1492|1
1492|7
1492|4
1493|6
1493|12
1494|11
1495|11
1495|9
1495|3
1496|6
1496|3
1496|12
1496|4
1497|2
1497|11
1497|9
1498|3
1498|11
1498|6
1499|11
1499|9
1500|11
1500|12
1501|1
1501|11
1502|13
1503|6
1504|1
1504|5
1504|6
1504|7
1505|11
1506|5
1506|11
1506|1
1507|7
1507|4
1507|14
1508|1
1508|2
1508|6
1508|7
1509|7
1509|6
1509|14
1510|2
1510|6
1510|9
1511|1
1511|11
1512|6
1512|9
1513|6
1513|7
1513|5
1514|1
1514|7
1514|5
1515|1
1515|10
1516|1
1516|11
1516|12
1516|7
1517|6
1518|1
1518|4
1518|7
1518|5
1519|3
1519|6
1519|13
1519|1
1519|7
1519|4
1520|3
1520|11
1520|9
1521|11
1522|8
1522|11
1522|9
1522|17
1523|6
1524|16
1524|5
1524|6
1524|14
1524|12
1524|7
1525|2
1526|6
1526|16
1527|11
1527|6
1527|12
1528|17
1528|6
1528|9
1529|1
1530|6
1531|6
1532|1
1532|2
1532|7
1532|4
1533|11
1533|6
1534|6
1534|14
1535|11
1535|13
1536|5
1536|6
1536|4
1536|7
1537|11
1538|11
1538|7
1538|5
1539|1
1539|11
1539|5
1539|6
1539|17
1540|11
1540|6
1541|11
1541|12
1542|8
1542|11
1542|9
1543|1
1543|2
1543|5
1544|6
1544|12
1545|6
1546|6
1547|1
1547|2
1547|7
1548|6
1549|11
1550|13
1550|11
1550|3
1551|5
1551|11
1551|2
1552|11
1552|9
1552|12
1553|11
1554|5
1554|14
1554|7
1555|4
1556|8
1556|11
1556|9
1557|7
1557|5
1557|6
1557|14
1558|6
1559|11
1559|5
1560|12
1560|6
1561|11
1561|12
1562|11
1562|6
1562|9
1562|17
1562|12
1563|2
1563|8
1563|11
1563|9
1564|6
1564|12
1565|2
1565|6
1565|12
1565|16
1566|6
1566|12
1567|6
1567|11
1568|13
1568|11
1568|12
1569|1
1569|7
1569|4
1570|3
1570|11
1570|4
1570|12
1571|3
1571|6
1571|11
1571|9
1572|6
1572|11
1572|12
1573|11
1573|12
1573|6
1574|1
1574|5
1575|11
1576|6
1576|12
1577|11
1578|1
1578|2
1578|11
1578|7
1579|11
1579|3
1579|12
1580|3
1580|11
1580|12
1581|8
1581|11
1581|9
1581|2
1582|5
1582|6
1583|12
1583|6
1584|4
1584|1
1584|2
1584|7
1585|11
1585|6
1585|9
1585|3
1586|11
1586|5
1587|2
1587|1
1587|7
1588|2
1588|8
1588|11
1588|9
1589|6
1589|12
1590|11
1591|6
1591|12
1592|11
1592|6
1592|12
1593|1
1593|7
1593|5
1594|11
1595|12
1595|3
1595|8
1595|17
1596|6
1597|1
1597|5
1597|6
1597|14
1597|7
1598|1
1598|6
1599|13
1599|7
1600|3
1600|6
1600|12
1601|11
1601|6
1601|9
1602|6
1602|12
1603|2
1604|11
1604|6
1604|3
1604|12
1605|13
1605|7
1606|13
1606|7
1607|11
1608|2
1608|11
1608|5
1609|1
1609|4
1610|13
1610|11
1610|17
1611|1
1611|7
1611|2
1612|1
1612|3
1612|4
1613|11
1613|12
1613|6
1614|6
1614|13
1615|17
1616|1
1616|2
1616|5
1616|6
1617|1
1617|11
1618|1
1618|2
1618|8
1618|4
1618|7
1619|7
1619|5
1619|6
1620|11
1620|12
1621|8
1621|9
1622|11
1623|11
1623|6
1624|6
1624|17
1625|6
1625|12
1626|1
1626|5
1626|4
1626|7
1627|3
1627|6
1627|1
1627|11
1627|5
1627|4
1628|7
1628|5
1628|13
1629|1
1629|7
1630|11
1630|12
1630|6
1631|11
1632|11
1632|6
1633|12
1633|6
1633|7
1633|5
1634|4
1634|1
1634|7
1635|7
1636|1
1636|6
1636|5
1636|7
1637|1
1637|11
1637|7
1638|1
1638|11
1638|13
1638|7
1639|6
1639|11
1639|12
1640|5
1640|14
1640|7
1641|6
1642|11
1642|7
1642|5
1643|13
1643|7
1643|4
1644|11
1644|3
1644|4
1645|7
1645|5
1645|6
1646|1
1646|2
1646|13
1646|7
1647|11
1647|12
1648|6
1648|14
1648|12
1648|7
1649|13
1649|11
1650|6
1650|15
1650|12
1651|1
1651|4
1652|6
1652|7
1653|1
1653|2
1653|3
1653|4
1653|7
1654|1
1654|5
1654|7
1655|6
1655|13
1655|4
1655|7
1656|11
1656|12
1657|11
1657|8
1657|9
1658|6
1659|2
1659|3
1659|14
1660|11
1660|6
1661|5
1661|7
1661|6
1662|1
1662|5
1662|6
1663|16
1664|6
1664|5
1665|7
1665|1
1665|5
1665|6
1666|6
1666|12
1667|5
1667|6
1667|7
1668|1
1668|2
1668|6
1668|12
1669|6
1669|9
1669|12
1670|3
1670|6
1670|1
1670|7
1670|12
1671|2
1671|1
1671|7
1672|1
1672|6
1672|10
1673|2
1673|6
1673|1
1673|15
1673|16
1674|11
1675|7
1675|5
1675|6
1676|1
1676|7
1676|5
1677|8
1677|9
1677|11
1678|15
1678|6
1679|6
1680|12
1680|6
1681|3
1681|2
1681|8
1682|5
1682|7
1683|2
1683|8
1683|11
1683|3
1684|11
1684|17
1685|6
1685|17
1685|12
1686|11
1687|2
1687|3
1687|1
1687|11
1687|9
1688|6
1688|15
1689|11
1689|5
1689|6
1689|12
1689|7
1690|11
1690|12
1691|11
1692|6
1693|11
1693|6
1693|12
1694|6
1694|13
1694|11
1695|6
1695|14
1695|7
1695|3
1696|8
1696|9
1696|11
1696|2
1696|3
1696|12
1697|6
1697|17
1698|2
1698|1
1699|8
1699|9
1700|5
1700|14
1700|7
1700|1
1701|11
1701|6
1702|1
1703|1
1703|7
1704|11
1705|11
1705|6
1706|17
1706|11
1706|6
1707|6
1707|15
1708|3
1708|13
1708|1
1709|11
1710|8
1710|4
1711|11
1711|6
1712|14
1712|7
1713|11
1714|2
1714|1
1714|7
1715|11
1715|12
1716|7
1716|4
1716|1
1716|5
1717|11
1718|12
1719|11
1719|9
1719|3
1720|11
1721|1
1721|5
1722|1
1722|2
1722|11
1723|7
1723|13
1724|9
1724|11
1725|6
1725|12
1726|4
1726|6
1726|7
1727|2
1728|1
1728|6
1728|7
1728|5
1729|6
1729|5
1729|7
1730|13
1730|7
1731|18
1732|11
1732|6
1732|9
1732|3
1732|12
1733|6
1733|11
1734|1
1734|11
1734|9
1735|2
1735|11
1735|9
1735|3
1736|1
1736|13
1736|4
1737|11
1737|6
1738|12
1738|13
1738|11
1738|7
1739|6
1740|11
1740|12
1740|6
1741|1
1741|2
1741|5
1742|1
1743|1
1743|5
1743|6
1744|2
1744|1
1744|7
1745|11
1745|12
1745|6
1746|6
1747|11
1747|6
1748|6
1748|2
1748|15
1749|6
1749|12
1750|6
1750|7
1751|4
1751|1
1751|2
1751|7
1752|11
1752|6
1752|12
1753|6
1753|14
1753|7
1753|5
1754|17
1754|11
1754|1
1754|5
1755|2
1755|11
1755|6
1755|9
1756|11
1756|17
1757|6
1757|11
1757|12
1758|13
1758|11
1758|1
1758|4
1758|7
1759|6
1759|7
1759|5
1759|14
1760|6
1760|15
1761|6
1761|15
1761|7
1762|6
1762|9
1762|3
1762|2
1763|14
1763|4
1764|6
1764|15
1764|12
1765|2
1765|9
1765|3
1766|5
1766|1
1766|6
1767|13
1767|14
1767|7
1768|5
1768|7
1769|6
1770|9
1770|11
1770|1
1771|7
1772|7
1772|1
1772|11
1772|5
1773|11
1773|6
1774|14
1774|7
1774|5
1775|11
1775|6
1776|6
1776|7
1777|11
1777|6
1777|17
1778|1
1778|2
1778|11
1778|9
1779|11
1780|11
1780|12
1781|12
1781|15
1782|5
1782|6
1782|14
1782|7
1783|11
1784|1
1784|11
1785|6
1785|12
1785|11
1786|10
1787|6
1787|13
1787|4
1787|7
1788|6
1788|15
1788|16
1789|13
1789|7
1790|13
1790|14
1791|1
1791|2
1791|11
1792|13
1793|7
1793|5
1793|1
1794|11
1794|6
1794|12
1795|2
1795|9
1795|4
1795|7
1796|1
1796|5
1796|6
1796|10
1797|6
1797|7
1797|16
1798|11
1799|11
1799|12
1800|6
1800|7
1800|14
1800|12
1801|5
1801|7
1801|14
1802|11
1803|1
1803|3
1803|4
1804|5
1804|6
1804|7
1805|3
1805|13
1806|11
1806|5
1806|14
1806|12
1806|7
1807|12
1807|11
1808|2
1808|9
1809|4
1809|14
1809|7
1810|6
1810|14
1810|7
1811|6
1812|11
1812|6
1812|9
1813|6
1814|6
1815|6
1815|15
1816|1
1816|7
1817|6
1817|12
1818|7
1818|1
1818|6
1818|17
1818|12
1819|6
1819|15
1819|16
1820|6
1821|6
1821|7
1822|14
1822|3
1822|2
1822|11
1823|7
1823|2
1823|14
1823|3
1824|13
1825|7
1825|6
1826|1
1826|2
1826|8
1826|11
1826|9
1826|3
1826|4
1827|1
1827|7
1827|4
1828|4
1828|2
1828|1
1828|11
1828|9
1829|5
1829|6
1829|15
1829|7
1830|5
1830|6
1830|7
1831|1
1831|11
1832|11
1832|12
1832|6
1833|11
1833|6
1833|12
1834|11
1835|11
1836|11
1836|12
1837|1
1837|2
1837|6
1837|15
1837|10
1838|1
1838|5
1838|7
1839|13
1839|7
1840|13
1840|14
1841|6
1841|12
1842|2
1842|6
1842|9
1843|6
1844|11
1844|6
1845|1
1845|6
1845|7
1846|13
1846|14
1846|7
1847|11
1848|6
1848|5
1849|1
1850|3
1850|11
1850|9
1851|1
1851|5
1851|6
1851|7
1852|1
1852|2
1852|11
1853|6
1853|15
1854|7
1854|1
1854|6
1854|5
1855|1
1855|2
1855|11
1856|6
1857|8
1857|2
1857|9
1858|8
1858|9
1859|1
1859|11
1860|6
1860|11
1861|1
1861|5
1861|7
1862|12
1862|11
1863|11
1863|12
1864|6
1865|6
1865|4
1866|11
1867|13
1867|7
1868|11
1868|6
1868|12
1869|1
1869|5
1869|6
1870|6
1871|11
1871|6
1871|9
1871|12
1872|9
1872|11
1873|2
1873|1
1873|13
1873|4
1873|7
1874|7
1874|5
1874|6
1875|6
1876|6
1876|15
1877|13
1877|11
1878|15
1878|1
1878|6
1878|2
1878|16
1879|2
1879|3
1879|6
1879|11
1879|17
1880|11
1881|1
1881|11
1881|17
1882|6
1882|5
1883|2
1883|11
1884|11
1885|7
1885|5
1885|6
1886|11
1886|6
1887|6
1887|11
1887|9
1888|11
1889|11
1889|6
1889|15
1890|6
1891|12
1891|6
1891|11
1892|6
1892|12
1892|16
1893|1
1893|2
1893|5
1893|14
1893|7
1894|3
1894|13
1894|7
1895|1
1895|7
1895|5
1896|11
1896|6
1896|12
1897|11
1898|5
1898|1
1898|7
1899|11
1899|9
1900|6
1901|8
1901|9
1901|3
1902|6
1902|9
1903|7
1903|4
1904|6
1904|13
1905|11
1906|6
1906|13
1906|14
1906|7
1907|11
1908|1
1908|2
1908|7
1909|1
1909|11
1909|6
1910|5
1910|7
1911|1
1911|11
1912|13
1912|7
1913|6
1914|6
1915|3
1915|13
1915|4
1915|7
1916|5
1916|6
1916|15
1917|6
1918|6
1918|15
1919|1
1919|2
1919|11
1919|3
1920|11
1920|12
1921|1
1921|6
1922|6
1922|7
1923|16
1923|6
1923|15
1924|6
1924|16
1925|6
1925|14
1925|7
1926|6
1926|7
1927|13
1927|7
1928|11
1928|12
1928|6
1929|6
1929|7
1930|11
1930|6
1931|1
1931|5
1931|7
1932|2
1932|6
1933|1
1933|2
1933|11
1933|3
1933|4
1934|1
1934|11
1935|11
1935|12
1936|6
1937|1
1937|11
1937|3
1937|4
1938|11
1938|5
1939|6
1939|14
1939|4
1939|7
1940|1
1940|2
1940|3
1940|13
1941|11
1941|6
1942|6
1942|14
1942|7
1943|3
1943|9
1944|6
1945|11
1945|6
1945|12
1946|6
1946|12
1946|5
1946|14
1947|6
1947|5
1948|8
1948|9
1949|11
1949|6
1950|6
1951|9
1951|2
1951|8
1952|9
1952|8
1953|7
1953|5
1953|6
1954|12
1954|2
1954|1
1954|15
1955|15
1955|1
1955|6
1956|5
1956|1
1956|7
1957|1
1957|7
1958|6
1958|12
1959|2
1959|6
1960|4
1960|2
1961|6
1962|13
1962|14
1963|1
1963|6
1963|10
1964|11
1964|12
1965|11
1965|5
1966|6
1966|9
1966|17
1966|12
1967|11
1968|11
1968|6
1969|13
1969|14
1969|7
1970|12
1970|11
1970|6
1971|11
1972|11
1972|5
1972|7
1973|11
1973|16
1974|2
1974|6
1974|1
1974|11
1974|12
1975|6
1976|11
1976|12
1977|3
1977|11
1977|4
1977|9
1978|2
1978|9
1978|3
1978|17
1979|1
1979|11
1979|6
1980|11
1980|6
1981|12
1981|11
1982|11
1982|13
1983|6
1983|17
1984|8
1984|11
1984|9
1985|2
1985|3
1985|8
1985|4
1985|9
1986|12
1986|6
1987|5
1987|6
1987|1
1987|7
1988|3
1988|8
1988|2
1989|11
1989|13
1990|11
1991|2
1991|1
1991|4
1992|1
1992|11
1992|5
1992|7
1993|11
1993|5
1994|13
1995|6
1996|7
1996|4
1996|1
1997|11
1997|12
1998|12
1998|4
1998|6
1999|14
1999|7
1999|6
2000|3
2000|2
2000|9
2001|6
2001|11
2001|12
2002|1
2002|11
2003|1
2003|7
2004|2
2004|7
2005|6
2006|6
2006|9
2007|6
2008|1
2008|7
2009|15
2009|6
2009|7
2009|5
2009|14
2010|6
2010|15
2011|10
2011|6
2012|6
2012|11
2012|12
2013|6
2013|12
2014|6
2014|1
2014|15
2015|13
2015|7
2016|11
2016|4
2017|16
2017|6
2018|3
2018|6
2018|7
2018|14
2018|12
2019|12
2019|11
2020|3
2020|6
2020|11
2020|9
2021|6
2021|9
2022|11
2022|9
2023|6
2023|12
2024|1
2024|11
2025|6
2025|15
2026|6
2027|5
2027|6
2027|14
2027|7
2027|1
2028|6
2029|6
2030|3
2030|1
2030|7
2031|6
2031|7
2032|6
2032|11
2032|5
2033|6
2033|12
2034|11
2035|11
2036|7
2037|11
2037|5
2037|12
2038|11
2038|9
2039|7
2039|6
2039|5
2039|12
2040|11
2041|6
2041|7
2042|11
2042|6
2042|14
2043|11
2043|17
2044|1
2044|7
2045|9
2045|13
2046|11
2046|12
2047|1
2047|2
2047|5
2047|4
2047|7
2048|1
2048|4
2048|7
2049|6
2049|11
2049|7
2049|17
2049|12
2050|11
2050|9
2050|12
2051|7
2051|1
2051|5
2052|6
2052|12
2053|6
2053|7
2053|16
2054|12
2054|6
2054|15
2054|16
2054|17
2055|1
2055|11
2055|12
2056|1
2056|11
2056|5
2057|14
2057|7
2058|1
2058|7
2058|2
2059|6
2060|12
2060|6
2060|11
2061|7
2061|6
2061|5
2062|6
2062|14
2062|5
2063|11
2063|6
2064|6
2064|7
2064|14
2065|8
2065|2
2065|12
2066|12
2066|11
2067|4
2067|1
2067|2
2067|7
2068|8
2068|11
2068|17
2069|11
2069|6
2070|1
2070|2
2070|11
2070|9
2070|3
2070|4
2071|11
2071|12
2072|6
2072|11
2072|12
2073|5
2073|6
2074|6
2075|1
2075|5
2075|7
2076|6
2076|1
2077|13
2077|7
2077|4
2078|6
2078|11
2078|12
2079|6
2079|11
2080|12
2080|6
2081|6
2081|7
2081|14
2082|6
2082|11
2082|12
2083|6
2084|11
2085|1
2085|7
2085|4
2085|13
2086|2
2086|1
2087|11
2087|9
2087|2
2087|5
2088|4
2088|6
2089|13
2089|7
2090|1
2090|11
2090|5
2091|11
2092|5
2092|6
2092|7
2093|17
2093|11
2094|11
2094|18
2094|1
2095|13
2095|7
2096|2
2096|11
2096|9
2097|13
2097|7
2098|2
2098|11
2098|9
2098|12
2099|11
2100|11
2100|17
2101|1
2101|3
2102|11
2103|11
2103|6
2104|2
2104|9
2104|6
2104|11
2105|6
2105|9
2105|12
2106|6
2106|15
2107|6
2107|12
2107|11
2107|17
2108|11
2108|12
2109|3
2109|6
2109|12
2110|6
2110|12
2111|6
2111|11
2111|5
2112|1
2112|5
2112|7
2113|11
2114|11
2115|2
2115|3
2115|8
2115|9
2116|15
2116|6
2117|9
2117|8
2117|2
2118|7
2118|13
2118|6
2118|14
2119|7
2119|6
2119|14
2120|8
2120|9
2121|13
2121|7
2121|14
2122|2
2122|6
2122|9
2123|1
2123|2
2123|11
2124|6
2124|7
2124|15
2125|6
2125|5
2125|7
2126|13
2126|7
2127|11
2127|6
2127|12
2128|2
2128|11
2128|9
2128|3
2128|4
2129|11
2129|6
2129|12
2129|7
2130|2
2130|9
2130|4
2130|1
2131|5
2131|6
2131|7
2132|6
2133|13
2133|11
2134|6
2135|6
2135|11
2136|6
2136|14
2137|17
2137|2
2137|8
2137|1
2137|11
2138|13
2138|7
2139|6
2139|7
2140|11
2141|6
2141|1
2141|11
2141|10
2141|17
2142|15
2142|6
2143|1
2144|13
2144|14
2144|7
2145|11
2146|5
2146|6
2146|14
2147|13
2147|7
2147|14
2148|6
2148|7
2149|11
2149|6
2149|12
2149|17
2150|13
2150|14
2150|7
2151|6
2151|7
2152|7
2152|5
2152|6
2153|4
2153|6
2153|12
2154|11
2154|12
2155|1
2155|5
2155|6
2155|7
2156|11
2156|1
2156|4
2157|1
2157|2
2157|5
2157|9
2157|14
2157|7
2158|3
2158|13
2158|1
2158|7
2158|4
2159|11
2159|12
2160|2
2160|11
2160|12
2161|13
2161|7
2162|12
2162|1
2162|2
2162|10
2162|6
2163|9
2163|8
2164|1
2164|2
2164|3
2164|13
2164|4
2164|7
2165|11
2165|6
2166|11
2166|9
2167|3
2167|6
2167|11
2167|7
2168|14
2168|2
2168|5
2169|6
2169|10
2169|5
2170|1
2170|6
2170|3
2170|13
2170|7
2171|6
2171|13
2171|7
2172|12
2172|11
2173|6
2173|12
2174|11
2174|6
2174|12
2175|11
2176|2
2176|6
2176|3
2176|12
2177|11
2177|6
2177|9
2178|6
2179|2
2179|6
2180|11
2180|6
2180|12
2181|7
2181|13
2181|14
2182|13
2182|1
2182|7
2182|5
2183|8
2183|9
2184|11
2184|6
2184|12
2185|1
2185|11
2185|5
2185|3
2186|2
2186|11
2186|9
2187|6
2188|6
2188|5
2188|7
2189|1
2189|6
2189|7
2190|11
2190|12
2191|6
2191|11
2191|12
2191|9
2192|18
2193|6
2193|15
2194|5
2194|6
2194|14
2195|1
2195|11
2196|1
2196|5
2196|6
2196|7
2197|11
2197|7
2197|5
2197|1
2198|11
2198|12
2199|1
2199|7
2199|4
2200|11
2201|1
2201|7
2201|5
2202|1
2202|11
2202|7
2203|6
2204|6
2204|1
2204|7
2204|12
2205|11
2205|6
2206|1
2206|2
2206|6
2206|7
2207|11
2207|3
2207|12
2208|1
2208|2
2208|6
2208|7
2209|6
2209|13
2209|14
2210|2
2210|1
2210|11
2210|9
2211|6
2211|11
2212|11
2212|6
2213|1
2213|7
2214|11
2214|6
2215|11
2215|12
2216|6
2217|11
2217|5
2217|6
2218|17
2218|11
2218|12
2219|1
2219|5
2219|6
2219|7
2220|6
2221|11
2221|9
2222|1
2222|11
2222|5
2223|1
2223|11
2223|5
2224|11
2225|11
2225|6
2225|17
2225|12
2226|11
2226|12
2226|5
2226|6
2226|14
2227|9
2228|17
2228|6
2229|11
2229|3
2230|1
2230|5
2230|7
2231|13
2232|11
2233|11
2233|6
2233|17
2234|11
2234|6
2234|16
2235|6
2235|7
2236|8
2236|4
2236|7
2237|6
2238|1
2238|3
2238|13
2238|7
2239|11
2239|6
2239|9
2239|17
2240|6
2240|14
2240|7
2241|5
2241|6
2241|7
2242|6
2242|12
2242|16
2242|15
2243|6
2244|6
2244|17
2245|1
2245|7
2246|2
2246|11
2246|6
2246|12
2247|6
2248|2
2248|3
2248|8
2249|11
2249|6
2249|19
2250|11
2250|17
2251|1
2251|2
2251|5
2251|6
2251|7
2251|10
2252|6
2253|11
2254|1
2254|4
2254|7
2255|6
2255|16
2256|6
2256|1
2256|7
2256|5
2257|9
2258|6
2258|12
2259|8
2259|3
2259|4
2260|6
2261|6
2261|14
2261|7
2261|5
2261|12
2262|2
2263|11
2263|6
2263|9
2263|3
2263|4
2264|11
2264|3
2265|1
2265|11
2265|13
2265|14
2265|4
2265|7
2266|6
2266|7
2267|6
2267|3
2268|13
2268|14
2268|7
2269|1
2269|15
2269|6
2270|5
2270|6
2270|7
2271|11
2271|8
2271|2
2271|9
2272|6
2272|15
2273|8
2274|6
2275|7
2276|7
2276|5
2277|6
2277|12
2278|1
2278|5
2278|6
2278|15
2278|7
2279|2
2279|6
2279|10
2280|11
2281|6
2281|5
2281|14
2282|11
2283|5
2283|13
2283|14
2284|13
2284|7
2285|13
2285|7
2286|2
2286|11
2286|4
2286|9
2287|13
2287|14
2287|7
2288|6
2288|11
2289|1
2289|6
2290|11
2290|12
2290|6
2291|11
2292|6
2292|1
2292|7
2292|5
2292|16
2293|8
2293|6
2293|9
2293|4
2294|14
2294|13
2294|1
2295|3
2295|2
2295|8
2295|9
2296|1
2296|5
2297|1
2297|6
2297|15
2298|6
2299|11
2299|2
2299|12
2300|12
2300|11
2301|6
2301|15
2302|11
2302|6
2302|12
2303|6
2304|9
2304|3
2304|17
2305|7
2305|6
2305|17
2305|5
2306|6
2307|13
2307|7
2307|6
2308|11
2308|5
2308|6
2309|13
2310|1
2311|2
2311|6
2311|11
2312|11
2312|12
2312|3
2313|11
2314|12
2314|11
2314|5
2314|3
2315|3
2315|6
2315|11
2315|12
2315|9
2316|11
2317|11
2318|4
2318|1
2318|2
2318|7
2319|5
2319|6
2319|13
2319|7
2320|11
2321|7
2321|1
2321|4
2322|11
2322|6
2322|12
2323|11
2323|6
2324|6
2324|11
2324|5
2325|4
2325|11
2325|5
2326|12
2326|11
2326|9
2327|9
2327|11
2328|4
2328|1
2328|2
2328|7
2329|6
2329|15
2329|17
2330|5
2330|13
2331|11
2332|11
2332|6
2332|12
2333|6
2333|14
2333|7
2334|11
2334|6
2334|3
2334|12
2335|6
2335|11
2336|11
2336|6
2337|6
2337|15
2337|5
2337|7
2337|1
2338|12
2338|17
2338|9
2339|1
2339|11
2340|13
2341|1
2341|6
2342|16
2342|11
2342|6
2343|11
2343|5
2343|6
2344|2
2344|3
2344|1
2345|6
2346|6
2346|12
2347|1
2347|2
2347|5
2347|6
2347|9
2347|14
2347|7
2348|17
2348|11
2348|6
2348|12
2349|2
2349|6
2349|7
2350|1
2350|11
2350|5
2351|6
2351|17
2352|11
2352|9
2353|9
2353|1
2353|2
2354|6
2355|6
2355|15
2356|11
2356|12
2357|6
2357|11
2357|12
2358|1
2358|2
2358|12
2358|10
2359|6
2359|7
2360|6
2360|14
2360|7
2361|1
2361|5
2362|6
2363|11
2363|6
2363|12
2364|2
2364|11
2364|9
2365|11
2365|6
2365|12
2366|6
2366|12
2367|3
2368|6
2368|12
2369|11
2369|6
2369|15
2370|6
2371|15
2372|1
2372|5
2372|7
2373|2
2373|1
2373|4
2374|6
2375|6
2375|12
2376|2
2376|6
2376|4
2377|11
2377|12
2378|6
2378|15
2379|5
2379|6
2379|14
2380|13
2381|12
2381|4
2381|13
2381|1
2381|5
2382|6
2382|14
2382|7
2383|17
2384|6
2385|5
2385|6
2385|7
2385|15
2386|7
2386|6
2387|10
2387|1
2387|6
2387|15
2388|13
2388|4
2389|1
2389|5
2389|6
2389|7
2390|1
2390|8
2390|4
2391|2
2391|3
2391|1
2392|7
2393|11
2394|11
2394|5
2394|6
2395|13
2395|1
2396|17
2396|6
2396|12
2397|8
2397|11
2397|9
2398|6
2398|15
2398|16
2399|1
2399|5
2399|6
2399|7
2400|6
2400|17
2401|7
2401|1
2402|7
2403|13
2403|6
2403|14
2403|7
2404|13
2404|1
2404|7
2404|4
2405|6
2405|9
2405|17
2405|12
2406|13
2406|7
2406|14
2407|11
2408|11
2408|6
2408|12
2409|11
2410|13
2410|7
2411|11
2411|9
2411|4
2412|11
2413|1
2413|11
2413|5
2413|7
2414|13
2414|5
2415|11
2415|12
2416|11
2417|6
2417|3
2417|12
2418|13
2418|7
2419|11
2420|6
2421|11
2422|6
2423|11
2423|17
2423|12
2424|6
2424|11
2424|12
2425|6
2425|5
2425|7
2426|13
2426|7
2427|11
2428|9
2429|5
2429|6
2429|7
2430|1
2430|6
2430|15
2431|13
2432|11
2432|12
2433|11
2433|6
2433|9
2434|1
2434|2
2434|4
2435|6
2436|1
2436|5
2436|6
2436|7
2437|6
2438|2
2439|3
2439|6
2439|7
2439|12
2440|2
2440|7
2441|6
2441|5
2441|7
2442|7
2442|12
2443|1
2443|2
2443|11
2443|6
2443|4
2443|7
2444|8
2444|9
2445|1
2445|2
2445|4
2446|13
2446|7
2447|11
2447|6
2447|9
2448|6
2448|14
2448|12
2449|5
2449|6
2450|6
2450|12
2451|6
2451|12
2452|11
2453|6
2454|6
2455|11
2456|11
2456|12
2456|6
2457|6
2458|11
2458|2
2459|11
2459|6
2459|12
2460|6
2460|11
2460|12
2461|13
2461|7
2461|14
2462|11
2462|6
2462|12
2463|13
2464|6
2465|11
2465|9
2466|3
2466|6
2466|16
2467|1
2467|11
2467|9
2468|5
2468|6
2468|12
2469|7
2469|6
2469|13
2470|14
2470|2
2470|11
2470|12
2470|6
2471|7
2471|1
2471|5
2471|6
2472|5
2472|1
2472|11
2473|11
2473|6
2473|12
2474|6
2474|12
2475|1
2475|2
2475|6
2475|12
2476|11
2476|6
2476|12
2477|6
2478|11
2478|13
2479|11
2479|5
2479|14
2480|11
2480|6
2481|6
2481|12
2482|6
2482|11
2482|12
2483|11
2483|4
2484|6
2485|7
2485|4
2485|14
2486|11
2486|6
2487|1
2487|4
2487|7
2488|11
2488|6
2488|17
2489|11
2489|6
2490|11
2490|17
2491|2
2491|1
2491|3
2492|6
2493|4
2493|1
2493|2
2494|6
2494|12
2495|6
2495|15
2495|9
2495|12
2496|7
2496|5
2496|6
2496|14
2497|12
2497|11
2498|11
2499|6
2500|3
2500|6
2501|11
2501|12
2501|13
2502|6
2502|9
2503|5
2503|6
2503|7
2504|10
2504|6
2505|11
2505|6
2506|16
2506|6
2507|1
2507|2
2507|6
2508|14
2508|5
2508|6
2508|7
2509|6
2509|1
2509|11
2510|11
2510|13
2510|4
2511|1
2511|11
2511|5
2512|11
2512|9
2513|9
2513|11
2513|6
2514|11
2514|12
2515|1
2515|12
2515|16
2516|2
2516|6
2516|1
2516|12
2517|6
2518|6
2518|15
2519|11
2520|6
2520|12
2521|6
2522|1
2522|2
2522|6
2522|7
2523|15
2523|6
2523|7
2523|16
2524|11
2525|6
2525|17
2526|11
2526|9
2527|13
2528|11
2528|2
2528|12
2529|11
2530|6
2531|3
2531|11
2532|11
2532|6
2533|6
2533|12
2534|6
2534|13
2534|7
2535|13
2535|7
2536|11
2536|9
2537|6
2537|16
2538|11
2538|6
2539|9
2539|11
2540|7
2540|6
2541|13
2541|11
2541|3
2542|13
2542|14
2542|4
2543|6
2543|17
2544|1
2544|5
2544|6
2545|11
2546|5
2546|6
2546|7
2547|5
2547|6
2547|7
2548|6
2548|12
2549|11
2549|5
2550|11
2550|6
2550|12
2551|2
2551|6
2551|15
2551|16
2552|13
2553|6
2554|5
2554|7
2554|13
2554|6
2555|11
2555|12
2556|13
2556|7
2557|2
2557|9
2557|3
2557|11
2557|12
2558|6
2559|6
2559|1
2559|7
2559|5
2560|11
2561|11
2561|6
2561|12
2562|13
2562|7
2562|4
2563|6
2564|11
2564|6
2564|9
2565|1
2565|11
2565|6
2565|12
2566|1
2566|11
2566|7
2566|12
2567|11
2568|14
2568|7
2568|13
2569|6
2569|3
2569|13
2569|7
2570|6
2570|7
2570|5
2570|12
2571|11
2571|9
2572|6
2572|12
2573|6
2574|1
2574|2
2574|6
2574|7
2575|6
2576|13
2576|7
2577|13
2578|3
2578|6
2578|4
2578|12
2578|9
2579|1
2579|2
2579|6
2579|7
2580|1
2580|11
2581|6
2581|12
2582|14
2582|13
2582|4
2583|6
2583|5
2584|5
2584|1
2584|7
2585|6
2585|14
2585|7
2586|6
2586|7
2586|16
2587|3
2587|6
2587|13
2587|1
2587|7
2588|5
2588|7
2589|7
2590|11
2591|2
2591|8
2591|11
2591|4
2591|9
2592|17
2592|18
2593|1
2593|3
2593|4
2594|5
2594|6
2594|17
2595|6
2595|12
2596|6
2597|5
2597|7
2598|1
2598|11
2598|7
2598|5
2599|3
2599|11
2600|6
2600|17
2601|11
2601|6
2601|12
2602|9
2603|1
2604|6
2604|11
2604|12
2605|12
2606|11
2606|4
2607|17
2607|6
2607|12
2608|11
2608|5
2609|6
2610|1
2610|5
2610|6
2610|7
2611|6
2611|7
2612|6
2612|11
2612|12
2613|11
2614|11
2614|6
2614|15
2614|12
2615|11
2615|6
2615|3
2615|12
2616|6
2616|9
2617|11
2617|6
2617|5
2618|11
2619|11
2619|17
2620|11
2621|6
2622|11
2622|12
2623|7
2624|2
2624|5
2624|6
2624|14
2624|10
2625|11
2625|6
2625|15
2626|1
2626|11
2626|5
2626|14
2627|7
2627|11
2627|13
2628|7
2628|6
2628|14
2629|6
2629|3
2629|13
2629|12
2630|11
2630|6
2630|12
2631|6
2631|12
2631|4
2632|6
2633|7
2633|5
2633|14
2634|2
2634|6
2635|11
2635|6
2636|13
2636|7
2636|5
2637|6
2637|7
2637|4
2638|6
2639|6
2639|4
2640|1
2640|7
2640|4
2641|6
2641|5
2642|1
2642|6
2642|15
2643|6
2643|11
2643|16
2643|5
2643|7
2644|7
2644|6
2644|14
2645|2
2645|1
2645|7
2646|2
2646|1
2646|6
2647|6
2647|1
2647|7
2648|14
2648|6
2648|5
2648|7
2648|13
2649|6
2650|6
2650|7
2650|5
2651|1
2651|11
2651|6
2651|15
2652|11
2652|6
2652|12
2652|3
2652|17
2653|6
2653|3
2654|8
2654|2
2654|9
2655|7
2655|4
2656|1
2656|2
2656|3
2657|6
2658|6
2658|1
2658|7
2658|5
2659|6
2659|19
2660|12
2660|3
2660|6
2660|11
2661|11
2661|6
2661|17
2662|6
2662|12
2663|6
2663|16
2664|6
2665|10
2666|6
2667|6
2667|12
2668|6
2668|12
2668|7
2669|12
2669|11
2670|2
2670|11
2671|7
2671|14
2671|6
2671|5
2672|6
2672|16
2673|11
2674|14
2674|13
2675|6
2675|17
2676|2
2676|1
2676|7
2677|13
2677|7
2678|11
2678|6
2678|12
2679|1
2679|2
2679|6
2679|9
2680|11
2680|9
2681|15
2681|6
2682|1
2682|2
2682|8
2682|11
2682|9
2682|3
2682|12
2683|6
2683|12
2684|1
2684|2
2684|11
2685|11
2685|13
2685|12
2686|13
2686|7
2686|3
2687|13
2687|7
2688|11
2688|12
2689|7
2689|14
2689|2
2690|11
2691|11
2692|11
2692|6
2692|16
2693|13
2693|7
2694|6
2694|17
2694|12
2695|11
2695|6
2696|11
2696|12
2697|13
2697|4
2698|15
2698|6
2699|11
2699|12
2700|11
2701|6
2702|12
2702|6
2703|6
2703|14
2703|7
2704|6
2704|12
2705|1
2705|6
2705|7
2706|13
2706|14
2706|7
2707|6
2707|12
2708|11
2708|12
2709|1
2709|2
2709|6
2709|12
2710|15
2710|6
2711|6
2711|12
2712|6
2712|15
2713|15
2713|1
2714|11
2714|6
2714|15
2715|6
2716|11
2716|13
2717|12
2717|6
2718|6
2718|12
2719|11
2719|6
2719|12
2720|6
2720|12
2721|11
2722|6
2723|11
2723|5
2724|6
2724|14
2724|7
2725|6
2725|15
2725|16
2726|6
2727|7
2727|4
2727|6
2728|11
2728|6
2728|16
2729|1
2729|11
2729|7
2730|18
2730|17
2730|9
2731|6
2731|7
2732|6
2732|5
2733|6
2733|9
2733|12
2733|17
2734|13
2734|7
2735|6
2736|11
2737|5
2737|1
2737|2
2737|6
2737|10
2738|11
2739|11
2739|12
2740|11
2740|12
2740|6
2741|11
2741|9
2742|11
2743|13
2743|6
2743|7
2744|4
2744|7
2745|11
2745|9
2746|11
2746|6
2747|4
2747|11
2747|9
2748|1
2748|2
2748|11
2748|7
2749|11
2749|6
2749|9
2750|6
2750|13
2751|5
2751|7
2752|4
2752|13
2752|7
2753|6
2753|4
2754|3
2754|6
2754|11
2755|11
2755|12
2756|9
2756|2
2756|4
2757|6
2757|12
2758|1
2758|2
2758|6
2758|16
2759|2
2759|11
2759|6
2759|4
2760|11
2760|12
2761|6
2761|7
2762|11
2763|11
2763|5
2763|13
2763|7
2764|11
2765|6
2765|7
2766|17
2766|6
2767|2
2767|11
2767|6
2767|12
2768|11
2768|5
2768|7
2769|11
2770|6
2770|12
2771|6
2772|11
2772|6
2772|12
2773|12
2773|6
2774|6
2774|7
2774|14
2775|11
2775|5
2775|6
2776|6
2776|1
2776|11
2776|5
2777|6
2777|12
2778|1
2779|6
2780|6
2780|12
2780|10
2781|7
2781|13
2782|1
2782|11
2782|4
2783|6
2783|12
2783|16
2784|5
2784|7
2785|15
2785|6
2785|16
2785|1
2786|9
2786|1
2786|2
2787|11
2787|6
2787|12
2788|2
2788|6
2789|6
2789|12
2790|6
2790|12
2791|1
2791|7
2791|5
2791|12
2792|12
2792|4
2793|5
2793|6
2793|14
2794|5
2794|6
2794|7
2795|6
2795|3
2795|13
2795|7
2796|13
2796|14
2796|7
2797|2
2797|6
2797|12
2798|11
2798|12
2798|6
2799|16
2799|6
2800|6
2800|5
2800|17
2801|6
2801|12
2802|5
2802|6
2803|11
2803|6
2803|12
2804|1
2804|11
2804|7
2805|5
2805|11
2805|6
2806|8
2806|2
2806|9
2807|1
2807|2
2807|6
2807|15
2807|16
2808|6
2808|9
2809|6
2809|13
2809|7
2810|13
2810|7
2810|2
2811|11
2811|12
2812|8
2812|11
2812|6
2812|9
2813|1
2813|2
2813|11
2814|11
2814|12
2815|11
2815|6
2816|1
2816|2
2816|4
2816|7
2817|11
2817|14
2818|7
2818|4
2819|5
2819|6
2819|12
2819|7
2820|1
2820|7
2820|16
2821|17
2821|6
2821|12
2821|5
2822|8
2822|11
2823|11
2823|5
2823|12
2824|11
2824|2
2825|4
2825|6
2825|7
2826|17
2826|6
2826|12
2827|9
2827|3
2827|4
2827|2
2827|11
2828|1
2828|2
2828|11
2828|6
2828|9
2828|17
2828|12
2829|11
2829|5
2830|6
2830|15
2830|16
2831|13
2831|7
2832|13
2832|4
2832|7
2833|6
2833|13
2833|7
2834|11
2834|9
2835|11
2836|11
2836|9
2836|3
2836|6
2837|6
2837|12
2838|18
2838|17
2839|12
2839|6
2840|6
2840|5
2841|6
2841|11
2842|13
2842|4
2843|13
2843|14
2843|7
2844|6
2845|11
2845|6
2846|13
2846|6
2846|7
2846|4
2847|3
2847|12
2847|9
2847|11
2848|6
2848|14
2848|12
2849|11
2850|6
2850|2
2851|13
2851|11
2851|7
2852|11
2852|9
2852|3
2852|4
2853|11
2853|6
2854|1
2854|7
2854|5
2855|11
2855|12
2856|11
2856|6
2856|12
2857|11
2857|6
2857|12
2858|6
2859|12
2859|5
2859|6
2860|6
2860|12
2861|1
2861|6
2861|15
2861|16
2861|2
2862|11
2863|11
2863|6
2863|4
2864|2
2864|6
2864|1
2864|12
2865|6
2865|7
2866|4
2866|7
2867|6
2867|15
2867|17
2868|1
2868|11
2869|1
2869|7
2869|4
2870|11
2870|6
2871|6
2871|11
2872|6
2872|11
2873|11
2873|12
2874|11
2875|14
2875|7
2876|6
2876|12
2877|11
2877|6
2878|13
2878|6
2878|4
2879|2
2879|5
2879|7
2880|11
2880|13
2880|7
2880|10
2881|11
2881|6
2882|11
2882|6
2883|11
2883|6
2884|6
2884|13
2884|7
2885|3
2885|6
2885|4
2885|12
2886|5
2886|6
2886|12
2887|2
2887|6
2887|9
2888|6
2888|12
2889|5
2889|6
2889|7
2890|11
2891|11
2891|6
2892|7
2892|6
2892|14
2893|6
2893|12
2894|6
2894|7
2895|16
2895|6
2896|11
2897|11
2897|6
2897|7
2898|7
2898|4
2898|14
2899|6
2899|15
2899|16
2900|8
2900|9
2900|1
2900|2
2900|11
2901|4
2902|16
2902|6
2903|13
2904|6
2905|6
2906|7
2906|5
2907|6
2907|12
2908|6
2908|13
2909|6
2910|6
2911|6
2911|15
2911|12
2912|3
2912|13
2912|11
2913|2
2913|1
2913|4
2914|11
2915|6
2915|12
2915|16
2916|2
2916|5
2916|6
2916|7
2917|11
2917|6
2917|9
2917|17
2917|12
2918|6
2919|1
2919|11
2919|18
2920|11
2920|6
2921|6
2922|1
2922|11
2922|5
2923|11
2924|11
2924|9
2924|4
2925|7
2925|6
2926|6
2926|12
2927|6
2928|6
2928|12
2928|7
2929|13
2929|14
2930|11
2931|2
2932|1
2932|11
2932|5
2933|6
2933|13
2933|7
2933|5
2934|6
2934|1
2935|4
2936|6
2936|12
2937|6
2937|12
2937|16
2938|11
2939|11
2940|6
2940|11
2940|12
2941|11
2941|12
2942|6
2942|7
2942|5
2943|6
2944|6
2945|3
2945|13
2945|11
2946|11
2946|12
2947|12
2947|6
2948|6
2948|15
2949|5
2949|6
2950|11
2950|12
2951|11
2951|6
2951|12
2952|6
2952|17
2953|6
2953|12
2953|7
2954|6
2954|2
2954|12
2955|6
2955|15
2956|11
2956|17
2956|12
2957|6
2958|6
2958|7
2958|5
2959|13
2959|7
2959|5
2960|6
2960|1
2960|7
2960|5
2960|19
2961|6
2961|11
2961|12
2962|5
2962|6
2962|14
2962|7
2963|6
2963|12
2964|6
2964|11
2964|12
2965|4
2965|7
2965|13
2966|13
2967|4
2967|14
2967|2
2968|4
2968|2
2968|9
2968|3
2969|12
2969|11
2969|6
2970|2
2970|6
2970|9
2971|6
2971|11
2972|6
2972|11
2972|12
2972|19
2973|6
2973|1
2973|15
2973|10
2973|12
2974|15
2974|6
2975|11
2975|6
2975|17
2976|6
2977|6
2977|7
2978|13
2978|7
2978|5
2979|1
2979|11
2980|11
2981|1
2981|13
2981|7
2982|11
2982|12
2983|13
2983|7
2983|5
2984|6
2984|13
2984|7
2985|6
2985|11
2985|12
2986|6
2987|1
2987|6
2987|15
2987|16
2988|11
2988|9
2989|13
2989|14
2989|7
2990|11
2991|13
2991|7
2992|2
2992|11
2992|4
2993|6
2993|9
2993|17
2994|6
2994|11
2995|4
2995|8
2995|11
2995|9
2996|1
2996|2
2996|4
2997|1
2997|2
2997|7
2998|13
2998|14
2998|7
2999|13
2999|14
2999|7
3000|11
3001|6
3001|13
3001|7
3002|1
3002|2
3002|11
3003|13
3003|7
3003|4
3004|11
3004|17
3004|12
3005|3
3005|11
3005|2
3006|11
3006|6
3007|6
3007|3
3007|13
3007|4
3007|7
3008|1
3008|7
3009|1
3009|11
3009|5
3010|6
3010|7
3011|11
3011|12
3012|11
3012|6
3012|12
3013|5
3013|6
3014|2
3014|9
3014|3
3015|13
3015|4
3015|7
3016|13
3017|6
3017|17
3018|13
3018|7
3019|14
3019|4
3019|7
3020|6
3020|11
3020|17
3021|6
3021|1
3021|7
3022|1
3022|7
3023|11
3023|6
3023|9
3024|11
3024|6
3025|4
3026|6
3026|11
3027|11
3027|6
3027|9
3028|11
3028|6
3028|9
3028|12
3029|6
3029|12
3030|1
3030|13
3031|13
3031|7
3032|10
3032|15
3033|1
3033|5
3033|14
3033|7
3034|6
3035|1
3035|2
3035|11
3035|5
3036|18
3036|17
3037|11
3038|8
3038|9
3039|6
3040|1
3040|11
3040|5
3040|6
3040|7
3041|11
3041|6
3041|12
3042|7
3042|14
3043|2
3043|6
3044|11
3044|12
3045|11
3045|5
3046|11
3047|6
3048|11
3048|5
3048|7
3049|11
3049|9
3050|5
3050|14
3050|13
3050|7
3051|1
3051|2
3051|11
3052|5
3052|6
3052|7
3053|11
3054|11
3055|11
3055|6
3055|12
3055|4
3056|11
3057|6
3058|13
3058|7
3059|8
3059|6
3059|9
3059|17
3060|6
3060|7
3060|14
3060|17
3060|12
3061|6
3062|1
3062|5
3062|6
3062|12
3063|11
3064|11
3064|12
3065|11
3065|12
3065|9
3066|6
3067|11
3067|9
3067|12
3068|2
3068|6
3068|16
3069|11
3069|6
3069|17
3070|6
3070|11
3071|6
3071|12
3072|6
3072|4
3072|14
3073|1
3073|5
3073|6
3073|7
3074|1
3074|5
3074|6
3074|14
3074|7
3075|6
3076|6
3076|12
3077|1
3077|7
3078|6
3078|12
3079|11
3080|11
3080|6
3081|13
3081|7
3082|2
3082|14
3082|7
3083|11
3083|6
3083|14
3084|6
3085|6
3085|14
3085|7
3086|1
3086|11
3086|12
3086|7
3087|2
3087|6
3087|1
3087|9
3088|7
3088|5
3088|6
3089|1
3089|4
3090|7
3090|11
3090|5
3091|5
3091|6
3091|7
3092|11
3092|6
3093|5
3093|6
3093|7
3094|11
3095|6
3095|12
3096|6
3097|11
3097|12
3098|1
3098|2
3098|11
3098|7
3099|1
3099|11
3100|6
3101|11
3101|5
3101|7
3102|6
3103|6
3104|6
3104|7
3105|11
3105|6
3106|1
3106|5
3106|11
3107|11
3107|12
3108|13
3108|11
3108|7
3109|6
3109|7
3110|6
3111|11
3111|5
3112|6
3112|5
3113|16
3113|15
3113|6
3114|11
3114|9
3114|12
3115|11
3116|11
3116|6
3116|12
3117|11
3117|12
3118|11
3118|6
3119|6
3119|9
3120|6
3120|7
3121|11
3122|11
3122|12
3123|5
3123|14
3123|7
3124|6
3124|13
3124|7
3125|11
3125|6
3126|7
3126|6
3126|13
3126|3
3127|17
3127|6
3128|1
3128|7
3129|9
3129|8
3129|2
3130|6
3130|16
3131|6
3131|12
3131|11
3132|11
3132|12
3133|1
3133|13
3133|7
3133|4
3134|6
3134|19
3134|12
3135|11
3136|1
3136|2
3136|11
3136|10
3137|13
3137|7
3138|6
3138|1
3138|11
3138|10
3139|11
3140|6
3140|12
3141|11
3142|1
3143|1
3143|7
3143|2
3144|6
3144|1
3144|11
3144|5
3145|6
3145|12
3146|13
3146|7
3147|13
3147|4
3148|1
3148|2
3148|11
3148|5
3149|11
3149|6
3149|12
3150|8
3150|4
3151|1
3151|11
3151|7
3152|6
3152|16
3153|1
3153|13
3153|7
3154|6
3154|1
3154|12
3155|6
3155|4
3156|6
3156|11
3156|9
3157|6
3157|12
3158|13
3158|1
3158|7
3158|4
3159|13
3160|6
3160|17
3161|6
3161|12
3162|2
3162|1
3162|7
3163|13
3163|11
3163|4
3164|11
3164|6
3164|12
3165|6
3165|1
3165|5
3166|6
3166|11
3167|13
3167|7
3168|18
3169|13
3169|7
3170|11
3170|6
3170|9
3170|12
3171|11
3171|2
3172|6
3172|7
3173|5
3173|6
3173|7
3174|11
3175|13
3175|7
3176|11
3176|12
3177|16
3177|6
3177|15
3177|1
3177|12
3178|6
3179|11
3179|12
3180|1
3180|5
3180|6
3180|7
3181|11
3181|6
3182|11
3183|12
3183|6
3183|9
3184|1
3184|4
3184|11
3185|6
3186|11
3186|6
3186|12
3187|11
3187|17
3188|6
3188|17
3189|13
3189|14
3190|18
3190|17
3190|9
3191|6
3191|19
3191|15
3191|16
3192|13
3192|7
3193|11
3194|11
3194|6
3195|6
3196|6
3196|9
3196|19
3197|5
3197|6
3197|15
3197|16
3198|11
3198|12
3199|7
3199|14
3199|5
3199|6
3200|6
3200|12
3201|6
3201|12
3202|2
3202|11
3203|8
3203|4
3204|7
3204|14
3204|4
3205|6
3205|15
3205|16
3206|6
3207|7
3207|5
3207|14
3208|1
3208|2
3208|8
3208|3
3208|4
3209|7
3209|1
3209|6
3210|13
3210|11
3211|6
3211|17
3211|12
3212|6
3212|17
3212|12
3213|11
3214|4
3215|2
3215|9
3216|11
3217|6
3218|12
3218|11
3219|6
3219|12
3220|13
3220|6
3220|7
3221|1
3221|6
3221|15
3222|6
3222|12
3223|6
3223|12
3224|1
3224|2
3224|6
3225|2
3225|6
3225|7
3226|6
3226|19
3226|12
3227|6
3227|15
3227|16
3228|12
3229|6
3229|15
3229|12
3230|13
3230|11
3230|17
3230|4
3231|2
3231|6
3231|1
3232|7
3232|5
3233|2
3233|11
3233|9
3234|5
3234|6
3234|7
3235|11
3235|13
3236|6
3236|9
3236|17
3236|12
3237|11
3237|3
3237|12
3238|11
3238|6
3239|5
3239|6
3240|13
3240|7
3240|4
3241|6
3242|5
3242|6
3243|11
3243|12
3244|11
3244|7
3244|5
3244|12
3245|11
3245|6
3246|13
3246|14
3246|7
3247|11
3247|12
3248|11
3249|2
3250|6
3250|11
3250|12
3251|2
3251|1
3251|7
3252|13
3252|7
3252|14
3252|3
3253|6
3253|11
3253|12
3253|9
3254|6
3255|11
3255|5
3256|11
3257|7
3257|6
3257|5
3258|6
3258|11
3258|12
3259|1
3259|11
3259|5
3260|1
3260|7
3260|5
3261|6
3262|11
3262|6
3262|12
3263|11
3264|11
3264|6
3264|12
3265|6
3265|13
3266|11
3267|11
3267|12
3268|11
3269|11
3269|6
3269|12
3270|6
3270|12
3271|8
3271|11
3271|6
3271|12
3272|11
3272|6
3273|11
3273|7
3273|17
3273|5
3273|14
3274|1
3274|7
3275|11
3275|5
3275|6
3275|7
3276|11
3276|6
3277|11
3277|6
3277|15
3278|6
3279|6
3279|12
3280|6
3280|2
3281|8
3281|9
3281|3
3282|11
3282|17
3282|12
3282|6
3283|6
3283|12
3284|6
3284|1
3284|7
3285|20
3285|12
3285|6
3286|11
3286|17
3286|14
3286|5
3287|6
3287|12
3287|16
3288|12
3288|11
3288|6
3288|13
3289|11
3289|6
3289|12
3290|1
3290|11
3291|5
3291|13
3291|7
3292|6
3293|1
3293|5
3293|6
3293|14
3293|7
3294|11
3294|5
3294|6
3294|12
3295|6
3296|4
3296|8
3297|6
3297|1
3297|7
3297|5
3298|6
3299|1
3299|6
3299|7
3300|11
3300|12
3301|6
3301|11
3301|12
3302|6
3303|7
3303|5
3304|1
3304|6
3305|1
3305|2
3305|4
3306|1
3306|5
3306|7
3307|11
3307|6
3308|11
3308|6
3309|5
3309|1
3309|11
3309|7
3310|6
3310|16
3311|11
3311|6
3312|13
3313|6
3313|12
3314|11
3314|6
3314|12
3315|11
3315|6
3316|1
3316|5
3316|6
3316|7
3317|11
3318|1
3318|2
3318|11
3318|5
3319|6
3319|12
3320|11
3321|6
3321|17
3322|6
3322|7
3322|5
3322|19
3323|6
3323|12
3323|4
3323|7
3324|11
3325|6
3326|6
3326|1
3326|5
3327|9
3327|11
3327|12
3328|8
3328|6
3329|7
3329|2
3329|3
3330|6
3330|7
3331|7
3331|13
3332|7
3332|5
3332|6
3332|1
3333|13
3333|7
3334|11
3334|6
3334|12
3335|1
3336|2
3336|1
3336|7
3337|6
3337|5
3338|6
3338|17
3338|12
3339|11
3339|6
3339|12
3340|6
3340|12
3341|6
3341|11
3342|7
3342|13
3343|2
3343|1
3343|7
3344|11
3344|6
3344|9
3345|11
3345|12
3346|11
3347|6
3347|15
3348|5
3348|6
3349|7
3349|1
3349|5
3350|2
3350|1
3350|12
3350|4
3351|2
3351|1
3351|7
3352|1
3352|2
3352|11
3352|5
3352|6
3353|2
3353|13
3354|18
3355|13
3356|11
3356|12
3357|6
3357|13
3357|5
3358|5
3358|6
3358|11
3359|6
3359|1
3359|7
3359|5
3360|13
3361|13
3361|1
3361|7
3361|4
3362|11
3362|6
3363|11
3363|6
3363|14
3364|12
3364|6
3365|6
3365|12
3366|6
3367|12
3367|11
3367|6
3368|6
3368|11
3368|17
3368|12
3369|2
3369|6
3369|1
3369|15
3370|11
3371|7
3371|1
3371|13
3371|4
3371|5
3372|1
3372|2
3372|6
3372|9
3373|6
3373|12
3374|6
3375|11
3375|6
3375|12
3376|6
3376|9
3377|6
3377|5
3378|6
3379|6
3379|7
3380|6
3380|9
3381|1
3381|6
3382|11
3383|6
3383|12
3384|1
3384|2
3384|6
3384|16
3385|3
3385|11
3385|4
3386|11
3386|6
3387|11
3387|6
3388|11
3389|6
3390|11
3390|5
3390|6
3391|14
3391|6
3391|2
3392|6
3392|12
3393|12
3393|6
3394|11
3395|6
3395|4
3396|5
3396|7
3396|11
3397|6
3398|1
3398|7
3398|5
3399|5
3399|7
3400|13
3400|7
3401|8
3401|3
3402|9
3402|8
3402|11
3402|2
3403|12
3403|10
3404|2
3404|4
3405|11
3405|6
3406|11
3406|6
3406|9
3406|17
3407|6
3407|12
3408|7
3408|5
3408|6
3409|6
3409|15
3409|12
3410|11
3410|6
3411|1
3411|7
3411|5
3412|13
3412|7
3413|6
3413|16
3413|14
3414|6
3414|11
3414|12
3415|1
3415|11
3415|5
3415|6
3416|6
3416|1
3416|5
3417|13
3418|11
3418|6
3418|19
3418|12
3419|5
3419|6
3420|6
3420|17
3421|11
3421|6
3421|12
3422|13
3422|14
3422|7
3423|1
3423|2
3423|6
3423|9
3424|5
3424|11
3424|7
3425|11
3425|6
3425|12
3426|4
3426|7
3427|13
3427|7
3428|6
3429|6
3430|6
3430|7
3430|5
3431|6
3432|6
3432|7
3433|12
3433|6
3434|6
3434|11
3434|19
3435|6
3435|15
3436|1
3436|6
3436|7
3436|2
3437|6
3438|1
3438|7
3438|4
3439|11
3439|6
3439|12
3440|6
3441|11
3441|13
3442|12
3442|11
3443|12
3444|6
3444|16
3444|1
3445|18
3446|15
3446|6
3446|10
3446|5
3447|11
3447|9
3447|3
3448|6
3449|5
3449|6
3449|17
3450|11
3451|11
3451|6
3451|12
3452|11
3452|6
3452|12
3453|6
3453|5
3453|7
3454|13
3454|7
3455|11
3455|12
3456|6
3456|12
3457|10
3458|11
3459|4
3459|1
3460|11
3460|6
3461|11
3461|9
3462|5
3462|1
3462|11
3463|11
3463|17
3464|11
3464|6
3464|12
3465|11
3465|6
3465|3
3465|12
3466|5
3466|13
3466|7
3467|6
3468|13
3468|7
3469|11
3469|5
3469|6
3470|18
3471|6
3471|12
3472|11
3472|6
3472|12
3473|6
3473|7
3474|11
3474|10
3475|6
3475|11
3476|1
3476|11
3476|7
3476|5
3477|11
3478|6
3478|12
3479|11
3479|6
3480|11
3480|12
3481|6
3481|11
3482|11
3483|11
3483|17
3484|1
3485|14
3485|6
3485|7
3485|13
3486|6
3486|15
3487|11
3487|5
3487|7
3488|6
3488|7
3489|2
3489|10
3490|6
3491|7
3491|2
3491|6
3491|5
3492|6
3493|1
3493|2
3493|3
3493|4
3494|6
3495|6
3496|6
3497|6
3497|15
3498|6
3498|12
3499|1
3499|11
3500|6
3501|11
3502|18
3503|5
3503|6
3503|7
3504|1
3504|7
3505|5
3505|14
3505|7
3506|5
3506|6
3506|7
3507|6
3507|9
3508|1
3508|7
3509|12
3509|11
3509|6
3510|13
3510|14
3510|4
3511|6
3511|11
3511|12
3512|6
3513|6
3513|15
3513|16
3514|11
3515|1
3515|6
3515|7
3515|16
3516|6
3516|7
3517|1
3517|5
3517|6
3517|7
3518|11
3519|11
3519|6
3519|12
3520|6
3521|1
3521|2
3521|6
3522|1
3522|11
3523|7
3523|13
3524|11
3524|17
3524|9
3525|11
3525|5
3525|6
3526|6
3526|15
3527|11
3527|6
3527|12
3528|6
3529|12
3529|11
3529|6
3530|10
3531|11
3531|6
3532|6
3532|12
3533|11
3533|4
3534|6
3535|11
3535|12
3536|5
3536|6
3536|14
3536|7
3537|6
3538|6
3539|6
3539|11
3540|6
3540|7
3540|5
3540|14
3541|11
3541|6
3542|6
3543|6
3544|11
3544|7
3544|1
3544|6
3545|11
3546|6
3546|11
3546|19
3547|7
3547|5
3548|4
3548|11
3548|7
3548|13
3549|6
3550|4
3550|6
3550|3
3550|12
3551|6
3551|1
3551|5
3551|19
3552|13
3552|7
3553|13
3554|7
3554|4
3554|6
3555|18
3555|11
3556|13
3556|7
3557|13
3558|13
3559|13
3559|7
3560|11
3560|6
3561|13
3562|6
3563|11
3564|13
3564|7
3564|11
3565|5
3565|6
3566|2
3566|6
3566|4
3567|13
3567|7
3568|6
3568|15
3569|6
3569|15
3570|7
3570|13
3571|14
3571|7
3572|13
3573|11
3574|6
3574|11
3574|17
3575|11
3575|6
3576|11
3577|9
3577|6
3577|1
3577|10
3577|12
3578|8
3578|9
3578|11
3579|6
3580|6
3581|11
3581|6
3582|1
3582|6
3583|6
3584|13
3584|7
3585|6
3585|7
3586|6
3587|6
3588|15
3588|6
3589|1
3589|5
3589|7
3590|13
3590|7
3591|11
3591|6
3591|12
3592|6
3592|5
3593|13
3593|7
3594|6
3594|12
3595|13
3595|11
3596|6
3596|13
3597|6
3597|14
3597|12
3598|13
3598|7
3599|13
3599|14
3600|11
3600|6
3601|1
3601|5
3601|6
3601|12
3601|7
3601|10
3602|13
3602|7
3602|4
3603|11
3603|6
3604|1
3604|7
3605|1
3605|3
3606|6
3606|15
3606|12
3606|16
3607|12
3607|11
3608|6
3608|12
3609|6
3609|12
3609|16
3610|11
3610|12
3611|3
3611|8
3611|4
3611|9
3612|11
3612|6
3613|11
3613|5
3613|6
3614|1
3614|2
3614|6
3614|12
3615|1
3615|2
3615|13
3615|7
3616|1
3616|2
3616|16
3616|7
3617|11
3618|11
3619|11
3619|6
3620|10
3621|1
3621|11
3621|7
3622|4
3622|6
3623|11
3624|18
3625|6
3626|6
3626|15
3627|11
3627|6
3628|11
3628|13
3628|4
3629|6
3629|3
3630|6
3631|11
3631|6
3631|12
3632|11
3632|5
3632|14
3632|7
3633|7
3633|6
3634|6
3634|5
3635|7
3635|5
3635|6
3635|14
3636|6
3637|11
3637|6
3637|5
3638|13
3638|5
3638|7
3639|11
3639|6
3639|12
3640|6
3640|4
3640|14
3641|11
3641|5
3641|6
3642|5
3642|6
3642|7
3643|6
3643|19
3643|15
3644|18
3645|6
3646|11
3646|13
3647|6
3647|12
3648|1
3648|6
3648|12
3649|11
3649|6
3650|13
3650|4
3650|7
3651|13
3651|7
3652|6
3652|16
3653|12
3653|7
3654|13
3654|7
3654|4
3655|7
3656|13
3656|11
3656|5
3656|7
3657|6
3657|3
3657|11
3658|11
3658|18
3659|6
3660|17
3660|6
3660|11
3661|9
3661|8
3662|12
3662|11
3663|20
3663|5
3663|6
3663|7
3664|7
3664|6
3665|1
3665|7
3665|16
3666|6
3666|1
3666|7
3666|4
3667|11
3667|6
3668|9
3669|11
3669|3
3669|13
3669|7
3670|13
3670|1
3671|11
3671|6
3672|6
3672|11
3673|6
3674|13
3674|7
3675|13
3676|11
3676|6
3677|7
3677|6
3678|13
3678|7
3679|6
3679|11
3680|11
3681|13
3682|10
3683|6
3683|7
3683|5
3684|6
3684|12
3685|11
3685|12
3686|6
3686|9
3687|1
3687|11
3687|6
3687|10
3688|6
3688|11
3688|12
3689|6
3689|11
3690|6
3691|6
3692|11
3692|5
3693|12
3693|2
3693|6
3694|11
3694|6
3694|12
3695|11
3696|2
3696|6
3697|5
3697|6
3698|5
3698|6
3698|12
3698|7
3699|5
3699|6
3700|17
3700|12
3701|6
3701|19
3701|12
3702|6
3703|11
3704|3
3704|6
3704|14
3705|1
3705|11
3705|19
3706|6
3706|19
3706|15
3707|11
3707|5
3707|6
3708|11
3708|6
3709|6
3709|7
3710|6
3711|11
3711|6
3712|1
3712|5
3712|7
3713|2
3713|1
3713|10
3714|5
3714|6
3715|6
3715|13
3715|14
3715|7
3716|11
3716|6
3716|7
3717|6
3718|11
3718|13
3719|11
3720|7
3720|1
3720|6
3720|15
3721|6
3721|9
3722|2
3722|1
3723|1
3723|6
3723|5
3724|5
3724|6
3724|7
3725|6
3725|7
3725|5
3726|6
3726|9
3727|6
3727|9
3727|19
3728|7
3728|14
3728|4
3729|11
3729|6
3729|9
3729|17
3729|20
3730|6
3730|12
3730|19
3731|3
3731|1
3731|7
3732|12
3732|5
3732|6
3732|7
3733|11
3734|13
3734|4
3735|13
3736|6
3737|11
3737|6
3737|12
3738|1
3738|6
3738|12
3739|6
3739|12
3740|13
3741|6
3741|12
3742|13
3742|11
3743|12
3743|6
3743|11
3744|7
3745|6
3746|11
3746|6
3747|1
3747|13
3747|4
3747|7
3748|2
3748|6
3748|15
3748|7
3748|16
3749|18
3750|13
3750|7
3751|6
3752|11
3752|14
3753|1
3753|11
3754|1
3754|11
3754|12
3755|6
3755|12
3756|6
3756|1
3756|12
3757|6
3757|7
3758|11
3758|5
3759|13
3759|6
3759|7
3760|11
3760|13
3761|11
3761|6
3761|12
3762|1
3762|6
3762|14
3762|7
3763|11
3763|5
3764|5
3764|11
3765|11
3765|6
3765|12
3766|18
3767|6
3768|17
3768|11
3769|11
3769|12
3770|11
3770|5
3770|7
3770|12
3771|11
3771|6
3772|13
3772|1
3772|7
3773|3
3774|6
3774|18
3775|3
3775|2
3776|6
3776|12
3777|7
3777|6
3778|11
3778|6
3778|7
3779|6
3780|6
3780|3
3781|6
3782|5
3782|11
3782|12
3783|5
3783|6
3783|13
3783|7
3784|11
3785|11
3785|19
3786|6
3787|5
3787|6
3787|7
3788|11
3788|5
3789|11
3789|12
3790|6
3791|6
3791|12
3792|6
3793|6
3793|13
3793|1
3793|7
3793|4
3794|6
3795|6
3796|11
3796|6
3797|2
3797|1
3797|7
3797|5
3798|11
3798|3
3798|4
3799|6
3800|6
3800|11
3800|15
3800|17
3801|7
3801|12
3802|1
3802|6
3802|15
3803|11
3803|6
3803|12
3804|13
3805|13
3806|13
3807|11
3807|12
3807|20
3808|12
3808|2
3808|6
3809|6
3809|15
3810|6
3811|6
3811|12
3811|16
3812|6
3813|16
3813|10
3814|1
3814|11
3814|17
3814|12
3814|10
3815|11
3815|5
3815|6
3816|6
3817|6
3817|1
3817|11
3817|5
3818|17
3818|12
3819|6
3819|11
3819|12
3820|11
3820|6
3821|6
3822|11
3823|11
3824|7
3824|2
3824|1
3825|11
3826|6
3826|1
3826|5
3827|13
3828|1
3828|11
3828|10
3829|5
3829|6
3830|6
3831|1
3831|6
3831|7
3831|5
3831|14
3832|5
3832|6
3832|14
3832|7
3833|14
3833|13
3834|1
3834|11
3835|11
3835|12
3836|6
3837|5
3837|6
3837|14
3837|12
3838|13
3838|7
3839|13
3839|11
3839|3
3840|1
3840|11
3841|20
3841|13
3842|6
3842|19
3843|3
3843|13
3844|11
3844|12
3845|11
3845|6
3846|1
3847|5
3847|1
3848|5
3848|6
3848|14
3848|7
3849|1
3849|5
3849|11
3849|7
3850|6
3851|13
3851|7
3851|14
3852|1
3852|8
3853|18
3854|1
3854|2
3854|6
3854|3
3855|1
3855|6
3855|7
3856|6
3857|5
3857|14
3857|7
3858|11
3858|17
3859|18
3859|9
3860|7
3860|6
3861|6
3862|11
3862|6
3863|6
3864|6
3864|5
3865|11
3865|6
3866|6
3866|17
3867|14
3867|6
3867|5
3867|7
3868|6
3869|11
3869|9
3870|6
3870|12
3871|1
3871|6
3871|13
3871|5
3871|7
3872|11
3873|12
3873|6
3874|6
3875|13
3875|6
3875|14
3876|10
3877|6
3877|12
3878|6
3878|7
3878|5
3879|6
3879|12
3879|11
3880|1
3880|11
3880|13
3881|11
3882|2
3882|1
3882|7
3883|4
3883|13
3884|6
3884|9
3884|3
3885|6
3885|5
3886|11
3887|13
3887|7
3888|11
3888|12
3889|18
3890|6
3891|13
3892|6
3892|12
3893|4
3893|13
3893|7
3894|13
3894|7
3894|14
3895|11
3896|6
3896|12
3897|2
3897|4
3897|14
3898|11
3898|9
3898|6
3899|2
3899|3
3899|8
3899|1
3899|9
3900|13
3900|14
3900|7
3901|6
3901|15
3901|16
3902|11
3902|9
3902|4
3903|11
3903|5
3903|7
3904|11
3904|6
3904|12
3905|3
3905|13
3905|7
3906|14
3906|7
3907|11
3907|18
3907|17
3908|12
3908|7
3908|10
3909|6
3909|17
3909|12
3910|1
3910|11
3910|5
3911|6
3912|6
3912|15
3913|11
3913|12
3914|10
3915|11
3915|12
3916|12
3916|6
3917|11
3917|3
3917|9
3918|1
3918|13
3918|4
3918|7
3919|6
3920|11
3920|6
3921|6
3921|19
3921|12
3922|11
3923|11
3923|12
3924|6
3924|15
3924|12
3925|11
3925|6
3926|9
3926|3
3927|3
3927|13
3927|4
3928|11
3928|5
3929|6
3929|12
3930|6
3931|11
3932|6
3932|15
3933|11
3933|6
3934|5
3934|6
3935|11
3935|6
3936|11
3936|18
3937|11
3937|13
3938|6
3938|7
3938|14
3938|1
3939|1
3939|6
3939|9
3939|7
3940|1
3940|11
3940|7
3941|1
3941|11
3942|11
3942|6
3942|7
3943|20
3943|1
3943|6
3943|9
3944|6
3945|11
3945|12
3946|13
3946|4
3946|7
3947|11
3947|12
3948|6
3948|17
3948|9
3949|11
3950|11
3950|6
3951|16
3951|6
3951|15
3952|13
3952|7
3953|6
3953|11
3954|4
3955|6
3955|13
3955|12
3956|7
3956|13
3957|11
3958|11
3958|9
3959|6
3960|1
3960|6
3960|7
3961|11
3962|11
3963|6
3963|1
3964|1
3964|5
3964|6
3964|7
3965|6
3965|11
3966|7
3967|14
3967|7
3968|7
3970|1
3970|5
3970|7
3971|11
3971|6
3971|12
3972|6
3973|11
3973|6
3974|5
3974|1
3975|11
3975|6
3975|12
3976|7
3976|14
3976|6
3976|13
3977|18
3978|13
3978|7
3978|14
3979|12
3979|11
3979|6
3980|7
3980|1
3980|13
3981|6
3982|11
3982|12
3983|13
3983|7
3984|2
3984|9
3984|3
3985|11
3985|4
3986|13
3986|1
3986|4
3987|11
3987|6
3987|12
3988|6
3989|2
3989|9
3991|1
3991|2
3991|8
3991|11
3991|4
3992|2
3992|11
3992|12
3993|11
3993|6
3994|6
3994|12
3994|16
3995|10
3995|11
3996|13
3996|7
3997|6
3998|6
3998|12
3999|11
4000|18
4001|4
4001|7
4002|1
4002|2
4002|11
4002|6
4002|19
4003|13
4003|7
4004|11
4004|17
4004|12
4005|18
4006|11
4006|13
4007|18
4008|11
4008|6
4009|13
4009|14
4009|4
4010|1
4010|4
4011|1
4011|6
4011|10
4012|11
4012|18
4013|6
4013|12
4014|11
4014|6
4014|12
4015|6
4015|12
4016|13
4016|14
4016|7
4017|11
4017|6
4017|12
4018|11
4018|12
4019|6
4020|4
4020|11
4020|6
4020|5
4021|6
4021|12
4022|11
4022|6
4022|12
4023|11
4023|18
4024|18
4024|6
4025|6
4026|6
4027|18
4028|11
4028|12
4029|13
4029|7
4030|6
4030|4
4030|7
4031|11
4031|1
4031|6
4032|11
4032|9
4033|11
4033|13
4034|13
4035|6
4036|6
4036|13
4036|7
4037|2
4037|11
4037|4
4038|5
4039|6
4039|5
4040|1
4040|2
4040|4
4041|11
4041|17
4042|6
4042|9
4043|11
4043|6
4043|9
4044|17
4044|12
4045|6
4046|7
4047|3
4047|2
4047|8
4047|11
4047|9
4047|17
4048|8
4048|9
4048|17
4049|7
4049|6
4050|13
4050|7
4051|13
4051|7
4052|6
4053|3
4053|6
4054|7
4054|12
4055|6
4056|7
4056|6
4057|11
4057|12
4057|19
4058|12
4058|11
4058|17
4059|1
4059|11
4059|13
4060|6
4060|15
4060|12
4061|5
4061|6
4062|11
4062|6
4063|6
4063|5
4064|13
4064|14
4065|6
4065|14
4065|7
4067|7
4067|13
4067|4
4068|2
4068|6
4068|10
4069|1
4069|7
4069|2
4070|11
4070|13
4070|1
4071|11
4071|12
4071|4
4072|13
4072|7
4073|11
4074|5
4074|6
4075|2
4075|1
4075|7
4075|4
4076|1
4076|11
4077|5
4077|6
4078|13
4078|14
4079|6
4079|7
4080|6
4081|6
4082|2
4082|6
4082|12
4083|2
4083|8
4083|11
4083|6
4084|6
4084|11
4085|11
4085|6
4086|6
4086|12
4087|6
4087|7
4088|5
4088|6
4089|6
4089|12
4090|6
4091|18
4091|1
4091|2
4092|6
4092|17
4092|12
4093|11
4093|6
4094|18
4095|6
4095|17
4095|12
4096|5
4096|6
4097|5
4097|6
4097|7
4097|1
4098|5
4098|6
4098|7
4099|11
4099|6
4099|12
4100|13
4101|12
4101|6
4101|11
4102|6
4102|8
4102|16
4104|18
4105|6
4105|12
4106|18
4107|6
4107|10
4108|15
4108|18
4109|6
4109|1
4109|7
4110|11
4110|6
4111|11
4112|1
4112|7
4113|11
4113|6
4114|11
4114|13
4115|1
4115|2
4115|4
4117|6
4117|11
4117|17
4118|11
4119|11
4119|6
4119|12
4120|6
4121|8
4121|9
4121|19
4122|6
4122|1
4122|7
4123|2
4123|9
4124|11
4124|6
4124|17
4124|12
4125|11
4125|6
4125|14
4125|7
4126|11
4126|4
4126|12
4126|13
4127|6
4127|1
4127|12
4128|6
4129|13
4129|4
4130|13
4130|7
4131|7
4132|13
4132|11
4133|6
4133|1
4133|5
4133|19
4134|7
4134|6
4134|5
4135|7
4135|13
4136|13
4137|5
4137|6
4137|13
4137|7
4138|18
4139|11
4140|7
4141|1
4141|2
4141|6
4142|5
4142|6
4142|14
4143|13
4143|7
4144|1
4144|2
4144|6
4145|11
4145|5
4146|11
4147|11
4147|3
4147|17
4148|11
4148|6
4149|14
4149|13
4149|15
4150|11
4150|6
4151|11
4151|17
4152|18
4153|1
4153|2
4153|15
4153|10
4154|4
4154|11
4155|7
4155|14
4155|13
4155|6
4156|7
4157|5
4157|6
4158|3
4158|6
4158|4
4159|7
4159|1
4160|6
4160|7
4160|14
4161|6
4161|11
4161|12
4162|18
4162|6
4162|15
4163|6
4164|6
4164|17
4165|7
4165|18
4165|5
4165|15
4166|6
4166|7
4167|6
4168|13
4168|6
4168|7
4169|6
4170|6
4171|6
4171|11
4171|16
4172|6
4172|12
4173|6
4173|3
4174|1
4174|4
4175|6
4175|17
4176|6
4176|7
4177|11
4177|12
4178|11
4178|18
4179|11
4180|2
4180|6
4180|19
4181|10
4182|5
4182|6
4183|13
4183|7
4184|7
4184|11
4184|13
4185|1
4185|4
4186|11
4186|12
4187|1
4187|6
4187|7
4188|6
4188|13
4188|7
4188|12
4189|2
4189|9
4190|6
4191|1
4191|4
4192|6
4192|7
4193|7
4193|5
4193|13
4194|11
4194|5
4195|6
4195|7
4195|12
4196|6
4196|12
4197|6
4197|12
4198|11
4198|12
4199|16
4199|6
4199|12
4200|10
4201|6
4201|17
4202|11
4202|6
4203|6
4203|5
4203|7
4204|6
4204|11
4204|12
4205|7
4205|13
4206|6
4206|12
4207|5
4207|6
4207|14
4208|12
4209|5
4209|6
4209|12
4210|6
4210|14
4211|13
4212|11
4213|1
4214|11
4214|6
4215|6
4215|5
4216|11
4216|6
4217|11
4218|1
4218|6
4219|6
4219|14
4219|7
4220|6
4220|14
4221|12
4221|11
4221|5
4221|6
4222|13
4222|7
4223|11
4223|5
4223|4
4223|7
4224|5
4224|6
4224|7
4225|18
4226|6
4227|11
4227|12
4228|1
4228|5
4228|6
4228|7
4229|6
4230|6
4230|12
4231|7
4231|1
4231|13
4232|13
4232|14
4233|11
4233|12
4234|6
4235|11
4235|13
4236|6
4236|11
4237|6
4237|9
4237|11
4238|11
4238|13
4239|11
4240|11
4241|6
4241|12
4242|6
4242|15
4242|16
4243|13
4243|14
4243|4
4244|6
4245|12
4245|11
4245|6
4246|13
4246|7
4247|13
4247|11
4247|7
4248|18
4249|11
4249|6
4249|3
4249|12
4249|4
4250|6
4250|11
4251|11
4251|6
4252|4
4253|11
4253|9
4253|6
4254|7
4254|1
4254|5
4255|6
4255|14
4255|13
4255|7
4256|1
4256|13
4256|7
4257|3
4257|8
4257|9
4258|6
4258|19
4259|10
4260|2
4260|11
4260|13
4261|6
4262|13
4262|7
4263|6
4263|5
4263|7
4264|7
4264|13
4265|9
4265|2
4265|11
4265|4
4265|5
4266|11
4266|5
4267|10
4268|6
4269|11
4269|6
4270|6
4271|6
4272|13
4272|11
4273|6
4273|1
4274|4
4275|1
4275|11
4276|11
4276|12
4277|11
4278|6
4278|13
4278|12
4279|6
4279|14
4280|13
4280|7
4281|6
4282|13
4282|4
4283|6
4284|2
4284|8
4284|11
4284|9
4285|5
4285|6
4285|7
4286|6
4287|7
4287|11
4287|12
4288|6
4289|13
4289|14
4289|5
4290|11
4290|5
4290|14
4292|11
4292|6
4293|11
4293|6
4293|12
4294|6
4294|12
4295|11
4295|14
4295|7
4296|11
4297|6
4298|5
4298|7
4299|6
4299|9
4299|3
4300|10
4301|6
4302|6
4302|11
4303|11
4303|17
4304|18
4305|11
4306|6
4306|12
4307|6
4307|11
4308|5
4308|11
4308|6
4308|2
4309|11
4310|1
4310|2
4310|6
4310|16
4311|7
4311|13
4313|1
4313|2
4313|11
4314|1
4314|2
4315|13
4316|13
4317|11
4318|6
4318|7
4318|5
4319|11
4319|13
4320|18
4321|13
4322|6
4323|3
4323|4
4323|13
4324|1
4324|7
4324|5
4325|13
4325|4
4325|1
4326|13
4326|18
4326|14
4327|6
4327|12
4328|13
4328|7
4329|6
4329|11
4329|12
4330|2
4330|6
4330|4
4331|6
4332|6
4333|2
4333|11
4333|15
4333|12
4334|13
4334|7
4335|5
4335|6
4336|6
4336|13
4337|2
4337|1
4337|7
4338|13
4338|7
4339|13
4340|6
4341|13
4341|7
4342|2
4342|13
4342|1
4342|4
4343|6
4343|12
4344|6
4345|7
4345|13
4346|11
4346|6
4346|7
4347|6
4347|1
4347|10
4347|17
4347|12
4348|18
4349|1
4349|6
4349|15
4349|16
4350|18
4350|17
4351|1
4351|2
4351|13
4351|7
4352|6
4352|12
4352|9
4353|6
4353|12
4353|11
4354|18
4355|6
4356|11
4356|6
4356|12
4357|6
4358|6
4358|7
4359|11
4359|12
4360|6
4361|18
4361|17
4362|6
4362|12
4363|11
4363|6
4363|12
4364|18
4365|11
4365|6
4365|12
4366|11
4366|13
4366|7
4366|14
4366|3
4367|6
4368|5
4368|6
4368|14
4368|7
4369|6
4369|19
4369|12
4370|11
4371|6
4371|12
4372|11
4373|6
4374|6
4375|5
4375|6
4376|11
4376|6
4376|3
4376|12
4377|4
4377|6
4378|11
4378|6
4378|12
4379|18
4380|18
4381|18
4382|6
4384|6
4384|2
4384|18
4385|18
4386|6
4386|1
4387|7
4388|14
4388|13
4389|11
4389|7
4389|5
4390|11
4390|5
4391|12
4391|6
4391|5
4392|11
4392|6
4393|1
4393|11
4394|11
4394|12
4395|5
4395|6
4395|12
4395|7
4396|6
4396|4
4397|6
4397|3
4397|4
4399|1
4399|11
4399|4
4400|6
4400|1
4400|7
4401|11
4401|6
4402|5
4402|6
4403|9
4403|11
4404|6
4404|12
4405|6
4405|11
4406|1
4406|5
4406|6
4406|7
4407|11
4407|12
4408|6
4409|6
4410|6
4412|13
4413|13
4413|7
4414|12
4414|6
4415|11
4415|6
4415|12
4416|11
4416|12
4417|10
4418|7
4418|13
4419|13
4419|7
4419|14
4420|6
4420|7
4421|4
4421|6
4421|17
4422|13
4423|11
4423|1
4423|4
4423|7
4424|6
4425|6
4425|12
4425|4
4426|13
4426|7
4427|6
4427|14
4427|7
4428|11
4428|12
4429|18
4430|5
4430|6
4431|11
4432|6
4433|13
4434|6
4434|7
4435|6
4435|7
4436|6
4437|6
4438|11
4438|3
4438|7
4439|8
4439|6
4439|9
4440|11
4441|6
4441|11
4441|12
4442|6
4443|6
4444|11
4445|11
4445|6
4445|12
4446|11
4446|6
4446|9
4446|4
4447|5
4447|6
4447|7
4448|1
4448|11
4448|4
4449|7
4449|14
4450|6
4451|11
4451|6
4451|7
4452|11
4452|6
4453|6
4453|12
4454|6
4454|12
4455|6
4455|7
4455|12
4457|6
4457|19
4458|1
4458|6
4458|14
4458|7
4459|6
4460|6
4461|11
4462|13
4462|11
4463|1
4463|2
4463|6
4463|15
4463|16
4464|13
4464|4
4465|11
4465|6
4466|18
4467|8
4467|11
4468|11
4468|12
4468|4
4468|6
4469|11
4469|18
4470|13
4470|7
4470|5
4471|13
4471|7
4472|6
4473|6
4473|7
4474|13
4474|6
4474|7
4474|5
4475|13
4475|14
4475|7
4476|13
4477|10
4478|18
4479|18
4480|6
4481|14
4481|6
4481|7
4482|5
4482|6
4482|17
4483|6
4484|6
4485|1
4485|11
4485|12
4485|4
4485|7
4486|7
4486|5
4486|6
4487|13
4487|3
4488|18
4488|19
4489|18
4490|14
4490|7
4491|6
4492|6
4492|11
4493|11
4493|17
4493|12
4494|13
4494|14
4495|15
4495|18
4495|17
4496|11
4497|1
4497|2
4497|6
4498|7
4498|14
4499|6
4500|5
4500|6
4501|17
4501|18
4503|6
4503|11
4504|7
4505|11
4505|17
4506|18
4507|6
4507|7
4508|11
4508|6
4509|6
4510|18
4510|6
4511|2
4511|9
4511|12
4512|6
4512|7
4513|11
4514|13
4514|4
4515|18
4515|9
4516|6
4516|11
4517|6
4518|18
4519|18
4520|11
4520|6
4520|9
4520|12
4521|6
4522|18
4523|6
4523|17
4523|12
4524|11
4524|5
4524|9
4525|6
4525|12
4526|5
4526|6
4527|12
4527|5
4527|6
4528|11
4528|12
4529|5
4529|6
4529|7
4530|11
4530|6
4530|12
4531|12
4531|6
4532|18
4533|1
4533|6
4534|18
4535|11
4535|12
4536|11
4537|11
4537|6
4537|3
4537|13
4537|14
4538|6
4538|11
4538|12
4539|6
4540|6
4540|7
4540|4
4541|6
4541|11
4542|11
4543|11
4543|13
4544|1
4544|11
4545|18
4545|17
4546|6
4547|1
4547|6
4547|7
4549|6
4549|12
4550|13
4550|11
4552|1
4552|7
4552|14
4553|14
4553|4
4553|7
4554|5
4554|6
4555|12
4555|1
4556|17
4556|13
4557|7
4557|11
4557|14
4558|9
4559|18
4561|4
4561|1
4561|11
4561|13
4562|6
4563|1
4563|2
4563|6
4563|15
4565|6
4565|12
4566|13
4566|11
4568|17
4568|11
4568|12
4570|11
4570|6
4571|12
4571|6
4571|11
4571|17
4572|13
4572|6
4573|11
4574|5
4574|7
4575|13
4575|14
4576|18
4577|2
4577|11
4577|3
4578|6
4580|18
4580|6
4581|18
4582|13
4582|11
4583|13
4584|11
4584|12
4585|13
4585|4
4585|7
4586|12
4586|6
4586|11
4587|6
4587|14
4587|7
4588|6
4588|7
4589|6
4590|6
4591|18
4592|6
4592|17
4592|12
4593|13
4594|13
4595|15
4595|18
4596|18
4597|1
4597|2
4597|6
4598|18
4599|4
4599|9
4600|6
4601|8
4601|11
4601|6
4602|11
4602|12
4603|6
4604|17
4604|18
4605|11
4605|6
4606|3
4606|13
4606|7
4607|11
4608|11
4608|6
4610|6
4611|6
4612|6
4613|6
4613|7
4614|18
4615|18
4616|6
4617|6
4618|1
4618|2
4618|6
4619|1
4619|7
4621|1
4621|11
4621|4
4622|13
4622|6
4622|7
4623|13
4624|12
4624|11
4624|6
4625|6
4625|12
4626|13
4627|11
4627|13
4627|7
4628|6
4628|7
4628|5
4629|11
4629|6
4629|12
4630|11
4630|6
4630|12
4632|5
4632|6
4633|11
4633|6
4633|12
4634|11
4634|6
4635|6
4635|11
4635|12
4636|6
4636|1
4636|5
4637|7
4637|4
4637|14
4638|11
4638|12
4639|6
4639|11
4639|8
4640|6
4640|14
4640|7
4641|6
4641|12
4642|13
4643|11
4644|6
4644|11
4645|7
4645|6
4646|6
4647|6
4647|7
4648|7
4648|14
4649|4
4649|6
4650|17
4651|6
4652|1
4652|3
4653|6
4653|9
4654|5
4654|6
4656|13
4656|7
4657|9
4657|6
4658|18
4659|6
4659|12
4659|16
4660|11
4661|12
4661|11
4661|17
4662|6
4662|1
4662|5
4663|10
4664|19
4664|18
4665|12
4665|6
4666|11
4667|2
4667|13
4667|4
4668|2
4668|1
4668|7
4668|4
4669|11
4669|12
4670|10
4671|11
4673|6
4674|6
4675|12
4675|6
4675|11
4676|17
4676|6
4677|18
4678|5
4678|13
4678|7
4680|13
4681|6
4681|11
4681|13
4682|13
4683|18
4684|6
4685|11
4685|6
4685|12
4686|4
4686|6
4687|18
4688|6
4688|9
4689|6
4689|14
4689|4
4689|7
4690|17
4690|11
4690|6
4691|7
4691|6
4691|4
4692|6
4693|6
4693|11
4693|9
4694|6
4694|12
4695|11
4695|12
4696|18
4697|6
4698|6
4698|4
4699|1
4699|6
4699|12
4700|6
4701|11
4701|6
4701|12
4702|6
4702|17
4702|12
4703|6
4704|18
4705|7
4705|6
4705|13
4706|1
4706|6
4707|8
4707|9
4707|11
4707|20
4708|18
4709|18
4710|18
4711|18
4711|15
4713|4
4713|6
4713|14
4715|6
4715|11
4716|11
4717|6
4717|12
4718|6
4719|11
4720|6
4721|13
4721|7
4722|6
4722|3
4722|13
4722|4
4723|11
4724|11
4724|6
4725|1
4725|6
4726|11
4726|13
4726|4
4727|9
4728|6
4728|11
4728|5
4729|18
4730|7
4731|5
4731|14
4731|7
4732|7
4732|1
4732|6
4732|4
4733|5
4733|13
4734|18
4734|17
4735|18
4736|14
4736|6
4736|7
4737|11
4737|12
4738|12
4738|11
4739|4
4740|18
4740|11
4740|6
4741|11
4742|11
4742|6
4743|13
4743|4
4744|6
4745|6
4745|11
4746|14
4746|13
4746|7
4747|11
4747|6
4747|12
4748|6
4749|6
4749|12
4750|12
4750|11
4750|6
4751|7
4751|13
4752|6
4752|11
4752|9
4753|18
4754|13
4754|7
4754|3
4755|18
4756|7
4756|4
4757|18
4758|6
4759|11
4760|6
4761|11
4761|12
4762|7
4762|6
4762|4
4763|13
4764|18
4764|17
4765|7
4765|13
4766|6
4766|12
4767|1
4767|10
4768|6
4768|11
4769|13
4770|6
4770|1
4770|11
4771|11
4772|6
4772|12
4773|6
4773|11
4774|11
4774|6
4775|6
4776|1
4776|6
4776|5
4776|7
4777|11
4778|7
4778|5
4778|6
4779|11
4779|12
4780|6
4780|9
4781|7
4781|13
4782|6
4782|11
4782|12
4783|6
4784|11
4784|12
4785|4
4785|7
4786|13
4786|11
4786|5
4787|6
4788|6
4788|19
4789|13
4790|5
4790|13
4790|14
4790|7
4791|6
4792|7
4792|13
4792|11
4793|6
4794|4
4794|6
4794|7
4795|19
4795|7
4796|1
4796|5
4796|7
4797|11
4797|12
4798|11
4798|6
4798|12
4798|20
4800|18